{
 "cells": [
  {
   "cell_type": "code",
   "execution_count": 31,
   "id": "13701b92",
   "metadata": {
    "collapsed": false
   },
   "outputs": [],
   "source": [
    "%matplotlib inline\n",
    "import numpy as np\n",
    "from matplotlib import pyplot as plt"
   ]
  },
  {
   "cell_type": "code",
   "execution_count": 32,
   "id": "bd667c81",
   "metadata": {
    "collapsed": false
   },
   "outputs": [],
   "source": [
    "# use our cdist function developed in the previous notebook\n",
    "def cdist(I, J):\n",
    "    i, j = np.mgrid[:I.shape[0],:J.shape[0]]\n",
    "    return np.sqrt(np.sum((I[i] - J[j])**2,axis=2))"
   ]
  },
  {
   "cell_type": "code",
   "execution_count": 33,
   "id": "2dfc64a4",
   "metadata": {
    "collapsed": false
   },
   "outputs": [
    {
     "data": {
      "text/plain": [
       "<matplotlib.collections.PathCollection at 0x7f8a7769b890>"
      ]
     },
     "execution_count": 33,
     "metadata": {},
     "output_type": "execute_result"
    },
    {
     "data": {
      "image/png": "iVBORw0KGgoAAAANSUhEUgAAAYUAAAGoCAYAAACpEfmgAAAABHNCSVQICAgIfAhkiAAAAAlwSFlz\nAAALEgAACxIB0t1+/AAAGWhJREFUeJzt3X9s3Pd93/HnW5aEcHW1ZjW7oJLF2+YkdDMYjjN4wbCk\np8qGldWuVnttxCGbu2hZAkML0K6BGmBBKHQruhQLisIVmi1cli4dJTcBmiypNyW1LkGQOSb8I0oF\nUVK2HivJ2nppvAYF1IqQ3/uD508uNMX7irwfPPH5AAR8v9/78HuvXGi++Pl+7nuMzESSJIAtww4g\nSdo4LAVJUmEpSJIKS0GSVFgKkqTCUpAkFZVKISL2RcR8RJyLiMMrPL47Ir4UEd+IiKci4kd7H1WS\n1G/R7T6FiNgCnAP2Ai8Cc8CBzJzvGPME8LnM/FRE1IF3Z+Y/7VtqSVJfVJkp3Aucz8yFzFwEjgH7\nl435MeAkQGY2VnhckjQCqpTCTuBCx/7F9rFOLwAPA0TEw8CtEfHaniSUJA1MrxaaPwDUI+JZ4G3A\nJeBaj84tSRqQrRXGXAJ2d+zvah8rMvMy8AhARPwA8Ehmfnf5iSLCD1qSpAHIzFjL11WZKcwBd0TE\nRERsBw4An+scEBE/HBGvBPgg8J9WCToS/z784Q8PPcPNmneUso5aXrOaN3N9v3t3LYXMvAYcAk4A\np4FjmXkmIo5ExIPtYXXgbETMAz8C/Nt1pZIkDUWVy0dk5n8H3rjs2Ic7tj8DfKa30SRJg+YdzddR\nr9eHHeGGjFLeUcoKo5XXrP0zannXquvNaz19sogc5PNJ0mYUEWQfF5olSZuEpSBJKiwFSVJhKUiS\nCktBklRYCpKkwlKQJBWWgiSpsBQkSYWlIEkqLAVJUmEpSJIKS0GSVFgKkqTCUpAkFZaCJKmwFCRJ\nhaUgSSosBUlSYSlIkgpLQZJUWAqSpMJSkCQVloIkqbAUJEmFpSBJKiwFSVJhKUiSCktBklRYCpKk\nwlKQJBWWgiSpsBQkSUWlUoiIfRExHxHnIuLwCo/fHhFPRcRzEfFCRLyj91ElSf0Wmbn6gIgtwDlg\nL/AiMAccyMz5jjEfA57LzI9FxJ3A72fm31jhXNnt+SRJ6xMRZGas5WurzBTuBc5n5kJmLgLHgP3L\nxrwM7Ghv/xBwaS1hJEnDtbXCmJ3AhY79iywVRacjwImIeD/wV4D7ehNPkjRIvVpongI+kZm3Az8J\nfKpH573ptFot5ubmaLVaw44iSa9SZaZwCdjdsb+LV18eOgg8AJCZT0fEayLitsz89vKTTU9Pl+16\nvU69Xr/ByKNrdvY4Bw8+xvbtNa5ebTIzc5SpqXcOO5akEddoNGg0Gj05V5WF5luAsywtNF8GngGm\nMvNMx5gvAE9k5ifbC81fzMxdK5xr0y40t1otJiYmuXLlJHAXcIqxsT0sLMwzPj4+7HiSbiJ9XWjO\nzGvAIeAEcBo4lplnIuJIRDzYHvaLwHsi4gXgd4BH1xLmZtZsNtm+vcZSIQDcxbZtEzSbzeGFkqRl\nus4UevpkzhScKUjqu36/JVUd1rpQPD4+zszMUcbG9rBjxz2Mje1hZuaohSBpQ3GmcAN6sVDcarVo\nNpvUajULQVJfrGemYClU5OUfSaPCy0cD4EKxpM3AUqioVlu6ZASn2kdOsbi4QK1WG14oSeoxS6Ei\nF4olbQauKdwgF4olbXQuNEuSCheaJUk9YSloQ/FTZKXhshS0YczOHmdiYpL7738fExOTzM4eH3Yk\nadNxTUEbgjcHSr3jmoJGnjcHShuDpaANwZsDpY3BUtCG4M2B0sbgmoI2FG8OlNbPm9ckSYULzZKk\nnrAUesybrySNMkuhh7z5SqPEX2C0EtcUesSbrzRKevGnZbVxuaawAXjzlUZFq9Xi4MHHuHLlJH/2\nZ89y5cpJDh58zBmDAEuhZ7z5SqPCX2C0GkuhR7z5SqPCX2C0GtcUesybrzQKXllT2LZtgsXFBdcU\nbjLevCbphvkLzM3LUpAkFb77SJLUE5aCJKmwFCRJhaUgSSosBUlSYSlIkgpLQZJUVCqFiNgXEfMR\ncS4iDq/w+Ecj4vmIeC4izkbEd3ofVZLUb11vXouILcA5YC/wIjAHHMjM+euMPwTcnZn/fIXHvHlN\nkvqs3zev3Qucz8yFzFwEjgH7Vxk/BcyuJYwkabiqlMJO4ELH/sX2sVeJiN1ADXhq3ckkSQPX64Xm\nA8CnvUYkSaNpa4Uxl4DdHfu72sdWcgB4bLWTTU9Pl+16vU69Xq8QQZJ0PY1Gg0aj0ZNzVVlovgU4\ny9JC82XgGWAqM88sGzcJ/H5m/s1VzuUkQpL6rK8LzZl5DTgEnABOA8cy80xEHImIBzuGvpOlRWhJ\n0ojy7ylI0k3Gv6cgSeoJS0GSVFgKkqTCUpAkFZaCJKmwFCRJhaUgSSosBUlSYSlIkgpLQZJUWAqS\npMJSkCQVloIkqbAUJEmFpSBJKiwFSVJhKUiSCktBklRYCpKkwlKQJBWWgiSpsBQkSYWlIEkqLAVJ\nUmEpSJIKS0GSVFgKkqTCUpAkFZaCJKmwFCRJhaUgSSosBUlSYSlIkgpLQZJUVCqFiNgXEfMRcS4i\nDl9nzM9GxOmI+GZEfKq3MSVJgxCZufqAiC3AOWAv8CIwBxzIzPmOMXcAx4E9mfndiLgtM7+9wrmy\n2/NJktYnIsjMWMvXVpkp3Aucz8yFzFwEjgH7l415D/CbmfldgJUKQZK08VUphZ3AhY79i+1jnd4A\nvDEivhoRX4uIB3oVUJI0OFt7eJ47gLcDu4GvRMTffmXmIEkaDVVK4RJLP+hfsat9rNNF4OnMfBlo\nRsQ54PXAs8tPNj09Xbbr9Tr1ev3GEkuSvk+j0aDRaPTkXFUWmm8BzrK00HwZeAaYyswzHWMeaB/7\nuYi4jaUyuDszX1p2LheaJanP+rrQnJnXgEPACeA0cCwzz0TEkYh4sD3mfwB/GhGngT8AfnF5IUjD\n0mq1mJubo9VqDTuKtOF1nSn09MmcKWjAZmePc/DgY2zfXuPq1SYzM0eZmnrnsGNJfbWemYKloJtW\nq9ViYmKSK1dOAncBpxgb28PCwjzj4+PDjif1Tb/vU5BGUrPZZPv2GkuFAHAX27ZN0Gw2hxdK2uAs\nBd20arWlS0Zwqn3kFIuLC9RqteGFkjY4S0E3rfHxcWZmjjI2tocdO+5hbGwPMzNHvXQkrcI1Bd30\nWq0WzWaTWq1mIWhTcKFZklS40CxJ6glLQZJUWAqSpMJSkCQVloIkqbAUJEmFpSBJKiwFSVJhKUiS\nCktBklRYCpKkwlKQJBWWgiSpsBQkSYWlIEkqLAVJUmEpSJIKS0GSVFgKkqTCUpAkFZaCJKmwFCRJ\nhaUgSSosBUlSYSlIkgpLQZJUWAqSpMJSkCQVloIkqahUChGxLyLmI+JcRBxe4fFHI+JPIuK59r93\n9z6qJKnftnYbEBFbgMeBvcCLwFxEfDYz55cNPZaZ7+9DRknSgFSZKdwLnM/MhcxcBI4B+1cYFz1N\nJkkauCqlsBO40LF/sX1suYcj4oWIeCIidvUknSRpoHq10Pw5oJaZdwNfAj7Zo/NKkgao65oCcAnY\n3bG/q32syMyXOnY/Dnzkeiebnp4u2/V6nXq9XiGCJOl6Go0GjUajJ+eKzFx9QMQtwFmWFpovA88A\nU5l5pmPM6zLz/7S3fxr4QGb+vRXOld2eT5K0PhFBZq5pnbfrTCEzr0XEIeAES5ebZjLzTEQcAeYy\n8/PA+yPip4BF4DvAz60ljCRpuLrOFHr6ZM4UJKnv1jNT8I5mSVJhKUiSCktBklRYCpKkwlKQJBWW\ngiSpsBQkSYWlIEkqLAVJUmEpSJIKS0GSVFgKkqTCUpAkFZaCJKmwFCRJhaUgSSosBUlSYSlIkgpL\nQZJUWAqSpMJSkCQVloIkqbAUJEmFpSBJKiwFSVJhKUiSCktBklRYCpKkwlKQJBWWgiSpsBQkSYWl\nIEkqLAVJUmEpSJKKSqUQEfsiYj4izkXE4VXGPRIRL0fEPb2LKEkalK6lEBFbgMeBB4A3AVMRMbnC\nuFuB9wNP9zqkJGkwqswU7gXOZ+ZCZi4Cx4D9K4z7ZeBXgb/sYT5J0gBVKYWdwIWO/YvtY0VEvBnY\nlZlP9jCbJGnAtq73BBERwEeBRzsPr/e8kqTBq1IKl4DdHfu72sde8YMsrTU02gXxOuCzEfFTmfnc\n8pNNT0+X7Xq9Tr1ev/HUkqSi0WjQaDR6cq7IzNUHRNwCnAX2ApeBZ4CpzDxznfEngV/IzOdXeCy7\nPZ8kaX0igsxc0xWbrmsKmXkNOAScAE4DxzLzTEQciYgHV/oSvHwkSSOp60yhp0/mTEGS+q6vMwVJ\n0uZhKUiSCktBklRYCpKkwlKQtGG0Wi3m5uZotVrDjrJpWQqSNoTZ2eNMTExy//3vY2JiktnZ48OO\ntCn5llRJQ9dqtZiYmOTKlZPAXcApxsb2sLAwz/j4+LDjjRzfkipppDWbTbZvr7FUCAB3sW3bBM1m\nc3ihNilLQdLQ1Wo1rl5tAqfaR06xuLhArVYbXqhNylKQNHTj4+PMzBxlbGwPO3bcw9jYHmZmjnrp\naAhcU5C0YbRaLZrNJrVazUJYh/WsKVgKknSTcaFZktQTloIkqbAUJEmFpSBJKiwFSVJhKUiSCktB\nklRYCpKkwlKQJBWWgiSpsBQkSYWlIEkqLAVJUmEpSJIKS0GSVFgKkqTCUpAkFZaCJKmwFCRJhaUg\nSSosBUlSYSlIkgpLQZJUVCqFiNgXEfMRcS4iDq/w+Hsj4lREPB8RX4mIyd5HlST1W2Tm6gMitgDn\ngL3Ai8AccCAz5zvG3JqZf97efgh4LDPfscK5stvzSZLWJyLIzFjL11aZKdwLnM/MhcxcBI4B+zsH\nvFIIbbcCL68ljCRpuLZWGLMTuNCxf5Glovg+EfEY8AvANuAnepJOkjRQPVtozsyjmXkHcBj4UK/O\nK0kanCozhUvA7o79Xe1j13Mc+K3rPTg9PV226/U69Xq9QgRJ0vU0Gg0ajUZPzlVlofkW4CxLC82X\ngWeAqcw80zHmjsz8Vnv7IeBDmbnSJSYXmiWpz9az0Nx1ppCZ1yLiEHCCpctNM5l5JiKOAHOZ+Xng\nUETcB1wFXgIeXUsYSdJwdZ0p9PTJnClIUt/1+y2pkqRNwlKQJBWWgiSpsBQkaQBarRZzc3O0Wq1h\nR1mVpSBJfTY7e5yJiUnuv/99TExMMjt7fNiRrst3H0lSH7VaLSYmJrly5SRwF3CKsbE9LCzMMz4+\n3pfn9N1HkrRBNZtNtm+vsVQIAHexbdsEzWZzeKFWYSlIUh/VajWuXm0Cp9pHTrG4uECtVhteqFVY\nCpLUR+Pj48zMHGVsbA87dtzD2NgeZmaO9u3S0Xq5piBJA9BqtWg2m9Rqtb4XwnrWFCwFSbrJuNAs\nSeoJS0GSVFgKkqTCUpAkFZaCJKmwFCRJhaUgSSosBUnA6Hy0s/rLUpA0Uh/trP7yjmZpkxvGRzur\nv7yjWdKajdpHO6u/LAVpkxu1j3ZWf1kK0iY3ah/trP5yTUESMNiPdlZ/+dHZkqTChWZJUk9YCpKk\nwlKQJBWWgiSpsBQkSYWlIEkqLAVJUmEpSJKKSqUQEfsiYj4izkXE4RUe//mIOB0RL0TEFyPi9t5H\nlST1W9dSiIgtwOPAA8CbgKmImFw27DngLZl5N/AZ4Nd6HVSS1H9VZgr3AuczcyEzF4FjwP7OAZn5\n5cz8i/bu08DO3saUJA1ClVLYCVzo2L/I6j/0DwJPrieUJGk4tvbyZBHxLuAtwI/38rySpMGoUgqX\ngN0d+7vax75PRNwHfBB4e/sy04qmp6fLdr1ep16vV4wqSVpJo9Gg0Wj05FxdPzo7Im4BzgJ7gcvA\nM8BUZp7pGPNm4HeBBzLzf61yLj86W5L6rK8fnZ2Z14BDwAngNHAsM89ExJGIeLA97CPADwC/GxHP\nR8TvrSWMJGm4/CM7knST8Y/sSJJ6wlKQJBWWgiSpsBQkSYWlIEkqLAVJUmEpSJIKS0GSVFgKkqTC\nUpAkFZaCJKmwFCRJhaUgSSosBUlSYSlIkgpLQZJUWAqSpMJSkCQVloIkqbAUJEmFpSBJKiwFSVJh\nKUiSCktBklRYCpKkwlKQJBWWgiSpsBQkSYWlIEkqLAVJUmEpSJIKS6GCVqvF3NwcrVZr2FEkqa8s\nhS5mZ48zMTHJ/fe/j4mJSWZnjw87kiT1TWTm4J4sIgf5fOvVarWYmJjkypWTwF3AKcbG9rCwMM/4\n+Piw40nSiiKCzIy1fG2lmUJE7IuI+Yg4FxGHV3j8bRHxbEQsRsTDawmyETWbTbZvr7FUCAB3sW3b\nBM1mc3ihJKmPupZCRGwBHgceAN4ETEXE5LJhC8CjwO/0POEQ1Wo1rl5tAqfaR06xuLhArVYbXihJ\n6qMqM4V7gfOZuZCZi8AxYH/ngMz848z8Q2B0rg1VMD4+zszMUcbG9rBjxz2Mje1hZuaol44k3bS2\nVhizE7jQsX+RpaLYFKam3sl99/0EzWaTWq1mIUi6qVUphU1vfHzcMpC0KVQphUvA7o79Xe1jazI9\nPV226/U69Xp9raeSJAGNRoNGo9GTc3V9S2pE3AKcBfYCl4FngKnMPLPC2E8An8/Mz1znXCP1llRJ\nGkV9fUtqZl4DDgEngNPAscw8ExFHIuLBdoC/ExEXgH8E/FZEfHMtYSRJw+XNa5J0k+n7zWuSpM3B\nUpAkFZaCJKmwFCRJhaUgSSosBUlSYSlIkgpLQZJUWAqSpMJSkCQVloIkqbAUJEmFpSBJKiwFSVJh\nKUiSCktBklRYCpKkwlKQJBWWgiSpsBQkSYWlIEkqLAVJUmEpSJIKS0GSVFgKkqTCUpAkFZaCJKmw\nFCRJhaUgSSosBUlSYSlIkgpLQZJUWAqSpMJSkCQVloIkqahUChGxLyLmI+JcRBxe4fHtEXEsIs5H\nxP+MiN29jypJ6reupRARW4DHgQeANwFTETG5bNhB4DuZ+Xrg14GP9DrooDUajWFHuCGjlHeUssJo\n5TVr/4xa3rWqMlO4FzifmQuZuQgcA/YvG7Mf+GR7+9PA3t5FHI5R+wYYpbyjlBVGK69Z+2fU8q5V\nlVLYCVzo2L/YPrbimMy8Bvy/iPhrPUkoSRqYfi00R5/OK0nqo8jM1QdEvBWYzsx97f1fAjIz/13H\nmCfbY74eEbcAlzPzR1Y41+pPJknqicxc0y/nWyuMmQPuiIgJ4DJwAJhaNua/AY8CXwd+BniqlyEl\nSYPRtRQy81pEHAJOsHS5aSYzz0TEEWAuMz8PzAD/JSLOA3/KUnFIkkZM18tHkqTNoy8LzRVudvv5\niDgdES9ExBcj4vZ+5KiiQtb3RsSpiHg+Ir6ywj0aA9Utb8e4RyLi5Yi4Z5D5lmXo9to+GhF/EhHP\ntf+9exg521m6vq4R8bPt79tvRsSnBp1xWZZur+1H29+zz0XE2Yj4zjBytrN0y3p7RDzVzvpCRLxj\nGDk78nTLuzsivhQR32jn/tEh5ZyJiP8bEadWGfMb7ZuKX4iIuyudODN7+o+lovkWMAFsA14AJpeN\n+XHgNe3t9wHHep2jh1lv7dh+CHhyGFmr5n0lM/Bl4GvAPRs1K0vrUL8xrNfzBrPeATwL7Gjv37aR\n8y4bfwj4+EbNCnwMeG97+07gjzbyaws8AbyrvV0HfntIWf8+cDdw6jqPvwP4Qnv77wJPVzlvP2YK\nXW92y8wvZ+ZftHef5tX3PQxKlax/3rF7K/DyAPMtV+VGQoBfBn4V+MtBhlumataN8OaDKlnfA/xm\nZn4XIDO/PeCMnaq+tq+YAmYHkuzVqmR9GdjR3v4h4NIA8y1XJe+PAScBMrOxwuMDkZlfBV5aZch+\n4LfbY78O/NWI+OvdztuPUqhys1ung8CTfchRRaWsEfFYRHyLpR+07x9QtpV0zRsRbwZ2ZeawXtNX\nVP0+eLg9tX0iInYNJtqrVMn6BuCNEfHViPhaRDwwsHSvVvm/sfbnkNW4zjsCB6BK1iPAP4mIC8Dn\ngX85oGwrqZL3BeBhgIh4GLg1Il47mHg3ZPn/lktU+AV8qJ+SGhHvAt4C/Nowc3STmUcz8w7gMPCh\nYee5nogI4KPAv+o8PKQ4VXwOqGXm3cCX+N5HpWxEW1m6hPR24B8D/zEidqz+JRvCAeDT2b6GsEFN\nAZ/IzNuBnwSGul5TwQeAekQ8C7yNpR+214YbqXf6UQqXgM5PSd3FCtPBiLgP+CDwUHuaNgyVsnY4\nDvzDviZaXbe8P8jShxY2IuKPgLcCnx3SYnPX1zYzX+r4//7jLP2CMAxVvg8uAp/LzJczswmcA14/\nmHivciPftwcY3qUjqJb1IEvX6cnMp4HXRMRtg4n3KlW+by9n5iOZ+RbgX7ePfXdwESu7BHS+iafb\nz7clfVj8uIXvLdRsZ2mqdeeyMW9uj/lbw1igucGsd3RsPwQ8s5HzLht/EnjzRs0KvK5j+6eBr23g\nrA8A/7m9fRuwALx2o+Ztj5sE/vcwMt7ga/sF4NH29p3AxQ2e94f53tv5/w1Ln+YwrLw14JvXeewf\n8L2F5rdScaG5X0H3AWeB88AvtY8dAR5sb3+RpbujnwOeB35viC9qt6y/DvxhO+sfrPZDeCPkXTb2\nKYb07qOKr+2vtF/b59uv7Rs2atb2/r8HTgPfAH5mo38fAB8GfmWYOSt+H9wJfLX9A/g5YO8Gz/sI\nSzPFeeA/ANuGlPO/Ai+y9IaSPwb+GfBe4F90jHmcpZL7RtWfBd68Jkkq/HOckqTCUpAkFZaCJKmw\nFCRJhaUgSSosBUlSYSlIkgpLQZJU/H8rtmgkRxzh+AAAAABJRU5ErkJggg==\n",
      "text/plain": [
       "<matplotlib.figure.Figure at 0x7f8a777b2410>"
      ]
     },
     "metadata": {},
     "output_type": "display_data"
    }
   ],
   "source": [
    "# create some randomly-located points\n",
    "n_points=10\n",
    "I, J = np.random.uniform(size=(2,n_points))\n",
    "IJ = np.vstack((I,J)).T\n",
    "\n",
    "plt.figure(figsize=(7,7))\n",
    "plt.gca().set_aspect('equal')\n",
    "plt.scatter(I,J)"
   ]
  },
  {
   "cell_type": "code",
   "execution_count": 34,
   "id": "1fbdc88b",
   "metadata": {
    "collapsed": false
   },
   "outputs": [
    {
     "data": {
      "text/plain": [
       "array([[ 0.        ,  0.39437384,  0.27931127,  0.62972932,  0.76449172,\n",
       "         0.60485172,  0.1869267 ,  0.05434219,  0.64283698,  0.04389449],\n",
       "       [ 0.39437384,  0.        ,  0.22035687,  0.75432083,  0.50987028,\n",
       "         0.37569891,  0.2099102 ,  0.37955584,  0.49856804,  0.41471945],\n",
       "       [ 0.27931127,  0.22035687,  0.        ,  0.54194054,  0.48644817,\n",
       "         0.32697313,  0.18047457,  0.29650682,  0.38680868,  0.31728747],\n",
       "       [ 0.62972932,  0.75432083,  0.54194054,  0.        ,  0.65168573,\n",
       "         0.56853635,  0.68351739,  0.68169663,  0.44700451,  0.66921007],\n",
       "       [ 0.76449172,  0.50987028,  0.48644817,  0.65168573,  0.        ,\n",
       "         0.15964354,  0.64331126,  0.78262554,  0.20574088,  0.80353598],\n",
       "       [ 0.60485172,  0.37569891,  0.32697313,  0.56853635,  0.15964354,\n",
       "         0.        ,  0.48777285,  0.62334656,  0.15333109,  0.64393096],\n",
       "       [ 0.1869267 ,  0.2099102 ,  0.18047457,  0.68351739,  0.64331126,\n",
       "         0.48777285,  0.        ,  0.16985783,  0.56518637,  0.2048263 ],\n",
       "       [ 0.05434219,  0.37955584,  0.29650682,  0.68169663,  0.78262554,\n",
       "         0.62334656,  0.16985783,  0.        ,  0.67257811,  0.03842135],\n",
       "       [ 0.64283698,  0.49856804,  0.38680868,  0.44700451,  0.20574088,\n",
       "         0.15333109,  0.56518637,  0.67257811,  0.        ,  0.68545028],\n",
       "       [ 0.04389449,  0.41471945,  0.31728747,  0.66921007,  0.80353598,\n",
       "         0.64393096,  0.2048263 ,  0.03842135,  0.68545028,  0.        ]])"
      ]
     },
     "execution_count": 34,
     "metadata": {},
     "output_type": "execute_result"
    }
   ],
   "source": [
    "# compute the pairwise distances between all the points\n",
    "D = cdist(IJ,IJ)\n",
    "D"
   ]
  },
  {
   "cell_type": "code",
   "execution_count": 35,
   "id": "7d57af3f",
   "metadata": {
    "collapsed": false
   },
   "outputs": [
    {
     "data": {
      "text/plain": [
       "array([[ 0.        ,  0.04389449,  0.05434219,  0.1869267 ,  0.27931127,\n",
       "         0.39437384,  0.60485172,  0.62972932,  0.64283698,  0.76449172],\n",
       "       [ 0.        ,  0.2099102 ,  0.22035687,  0.37569891,  0.37955584,\n",
       "         0.39437384,  0.41471945,  0.49856804,  0.50987028,  0.75432083],\n",
       "       [ 0.        ,  0.18047457,  0.22035687,  0.27931127,  0.29650682,\n",
       "         0.31728747,  0.32697313,  0.38680868,  0.48644817,  0.54194054],\n",
       "       [ 0.        ,  0.44700451,  0.54194054,  0.56853635,  0.62972932,\n",
       "         0.65168573,  0.66921007,  0.68169663,  0.68351739,  0.75432083],\n",
       "       [ 0.        ,  0.15964354,  0.20574088,  0.48644817,  0.50987028,\n",
       "         0.64331126,  0.65168573,  0.76449172,  0.78262554,  0.80353598],\n",
       "       [ 0.        ,  0.15333109,  0.15964354,  0.32697313,  0.37569891,\n",
       "         0.48777285,  0.56853635,  0.60485172,  0.62334656,  0.64393096],\n",
       "       [ 0.        ,  0.16985783,  0.18047457,  0.1869267 ,  0.2048263 ,\n",
       "         0.2099102 ,  0.48777285,  0.56518637,  0.64331126,  0.68351739],\n",
       "       [ 0.        ,  0.03842135,  0.05434219,  0.16985783,  0.29650682,\n",
       "         0.37955584,  0.62334656,  0.67257811,  0.68169663,  0.78262554],\n",
       "       [ 0.        ,  0.15333109,  0.20574088,  0.38680868,  0.44700451,\n",
       "         0.49856804,  0.56518637,  0.64283698,  0.67257811,  0.68545028],\n",
       "       [ 0.        ,  0.03842135,  0.04389449,  0.2048263 ,  0.31728747,\n",
       "         0.41471945,  0.64393096,  0.66921007,  0.68545028,  0.80353598]])"
      ]
     },
     "execution_count": 35,
     "metadata": {},
     "output_type": "execute_result"
    }
   ],
   "source": [
    "# if we sort along one axis we get the distance to the nearest neighbors\n",
    "# of each point\n",
    "# note that the distances in the first column are zero because each point\n",
    "# is closest to itself\n",
    "nn_d = np.sort(D,axis=1)\n",
    "nn_d"
   ]
  },
  {
   "cell_type": "code",
   "execution_count": 36,
   "id": "f542c74c",
   "metadata": {
    "collapsed": false
   },
   "outputs": [
    {
     "data": {
      "text/plain": [
       "array([[ 0.        ,  0.04389449,  0.05434219],\n",
       "       [ 0.        ,  0.2099102 ,  0.22035687],\n",
       "       [ 0.        ,  0.18047457,  0.22035687],\n",
       "       [ 0.        ,  0.44700451,  0.54194054],\n",
       "       [ 0.        ,  0.15964354,  0.20574088],\n",
       "       [ 0.        ,  0.15333109,  0.15964354],\n",
       "       [ 0.        ,  0.16985783,  0.18047457],\n",
       "       [ 0.        ,  0.03842135,  0.05434219],\n",
       "       [ 0.        ,  0.15333109,  0.20574088],\n",
       "       [ 0.        ,  0.03842135,  0.04389449]])"
      ]
     },
     "execution_count": 36,
     "metadata": {},
     "output_type": "execute_result"
    }
   ],
   "source": [
    "# to get the closest k distances, we just truncate this array along the second axis\n",
    "nn_d[:,:3]"
   ]
  },
  {
   "cell_type": "code",
   "execution_count": 37,
   "id": "b2257422",
   "metadata": {
    "collapsed": false
   },
   "outputs": [
    {
     "data": {
      "text/plain": [
       "array([[0, 9, 7, 6, 2, 1, 5, 3, 8, 4],\n",
       "       [1, 6, 2, 5, 7, 0, 9, 8, 4, 3],\n",
       "       [2, 6, 1, 0, 7, 9, 5, 8, 4, 3],\n",
       "       [3, 8, 2, 5, 0, 4, 9, 7, 6, 1],\n",
       "       [4, 5, 8, 2, 1, 6, 3, 0, 7, 9],\n",
       "       [5, 8, 4, 2, 1, 6, 3, 0, 7, 9],\n",
       "       [6, 7, 2, 0, 9, 1, 5, 8, 4, 3],\n",
       "       [7, 9, 0, 6, 2, 1, 5, 8, 3, 4],\n",
       "       [8, 5, 4, 2, 3, 1, 6, 0, 7, 9],\n",
       "       [9, 7, 0, 6, 2, 1, 5, 3, 8, 4]])"
      ]
     },
     "execution_count": 37,
     "metadata": {},
     "output_type": "execute_result"
    }
   ],
   "source": [
    "# argsort of the distance array tells us *which* points are nearest.\n",
    "# note that the first column is sequential because each point is closest to itself\n",
    "nn_ix = np.argsort(D,axis=1)\n",
    "nn_ix"
   ]
  },
  {
   "cell_type": "code",
   "execution_count": 38,
   "id": "f8af996b",
   "metadata": {
    "collapsed": false
   },
   "outputs": [
    {
     "data": {
      "text/plain": [
       "array([[0, 9, 7],\n",
       "       [1, 6, 2],\n",
       "       [2, 6, 1],\n",
       "       [3, 8, 2],\n",
       "       [4, 5, 8],\n",
       "       [5, 8, 4],\n",
       "       [6, 7, 2],\n",
       "       [7, 9, 0],\n",
       "       [8, 5, 4],\n",
       "       [9, 7, 0]])"
      ]
     },
     "execution_count": 38,
     "metadata": {},
     "output_type": "execute_result"
    }
   ],
   "source": [
    "# and we can subset it by whatever k we want\n",
    "k=3\n",
    "knn_ix = nn_ix[:,:k]\n",
    "knn_ix"
   ]
  },
  {
   "cell_type": "code",
   "execution_count": 39,
   "id": "da458694",
   "metadata": {
    "collapsed": false
   },
   "outputs": [],
   "source": [
    "# to get the distances that correspond to the indices, we need\n",
    "# to use a fairly tricky indexing scheme."
   ]
  },
  {
   "cell_type": "code",
   "execution_count": 40,
   "id": "5269ab3a",
   "metadata": {
    "collapsed": false
   },
   "outputs": [
    {
     "data": {
      "text/plain": [
       "array([[0, 0, 0],\n",
       "       [1, 1, 1],\n",
       "       [2, 2, 2],\n",
       "       [3, 3, 3],\n",
       "       [4, 4, 4],\n",
       "       [5, 5, 5],\n",
       "       [6, 6, 6],\n",
       "       [7, 7, 7],\n",
       "       [8, 8, 8],\n",
       "       [9, 9, 9]])"
      ]
     },
     "execution_count": 40,
     "metadata": {},
     "output_type": "execute_result"
    }
   ],
   "source": [
    "# first create a matrix the same size as knn_ix of row numbers\n",
    "row, _ = np.mgrid[:IJ.shape[0],:k]\n",
    "row"
   ]
  },
  {
   "cell_type": "code",
   "execution_count": 41,
   "id": "e952fe35",
   "metadata": {
    "collapsed": false
   },
   "outputs": [
    {
     "data": {
      "text/plain": [
       "array([[ 0.        ,  0.04389449,  0.05434219],\n",
       "       [ 0.        ,  0.2099102 ,  0.22035687],\n",
       "       [ 0.        ,  0.18047457,  0.22035687],\n",
       "       [ 0.        ,  0.44700451,  0.54194054],\n",
       "       [ 0.        ,  0.15964354,  0.20574088],\n",
       "       [ 0.        ,  0.15333109,  0.15964354],\n",
       "       [ 0.        ,  0.16985783,  0.18047457],\n",
       "       [ 0.        ,  0.03842135,  0.05434219],\n",
       "       [ 0.        ,  0.15333109,  0.20574088],\n",
       "       [ 0.        ,  0.03842135,  0.04389449]])"
      ]
     },
     "execution_count": 41,
     "metadata": {},
     "output_type": "execute_result"
    }
   ],
   "source": [
    "# now we can use the row matrix as the row index into D,\n",
    "# and the knn_ix matrix as the column index\n",
    "knn_dist = D[row,knn_ix]\n",
    "knn_dist"
   ]
  },
  {
   "cell_type": "code",
   "execution_count": 42,
   "id": "8eadedeb",
   "metadata": {
    "collapsed": false
   },
   "outputs": [],
   "source": [
    "# here is the resulting function, allowing us to specify k\n",
    "\n",
    "def knn(query_pts, pts, k=3):\n",
    "    # brute force k nearest neighbors\n",
    "    D = cdist(query_pts, pts)\n",
    "    knn_ix = np.argsort(D,axis=1)[:,:k]\n",
    "    row, _ = np.mgrid[:query_pts.shape[0],:k]\n",
    "    knn_dist = D[row, knn_ix]\n",
    "    return knn_dist, knn_ix"
   ]
  },
  {
   "cell_type": "code",
   "execution_count": 43,
   "id": "beb96748",
   "metadata": {
    "collapsed": false
   },
   "outputs": [
    {
     "data": {
      "text/plain": [
       "<matplotlib.image.AxesImage at 0x7f8a775f5550>"
      ]
     },
     "execution_count": 43,
     "metadata": {},
     "output_type": "execute_result"
    },
    {
     "data": {
