{
 "metadata": {
  "name": "",
  "signature": "sha256:956a80871aa7eeb16b663e257f70ace65bff6602e6aaf9f984d5166875a54d2d"
 },
 "nbformat": 3,
 "nbformat_minor": 0,
 "worksheets": [
  {
   "cells": [
    {
     "cell_type": "code",
     "collapsed": false,
     "input": [
      "%matplotlib inline\n",
      "import numpy as np\n",
      "from matplotlib import pyplot as plt"
     ],
     "language": "python",
     "metadata": {},
     "outputs": [],
     "prompt_number": 8
    },
    {
     "cell_type": "code",
     "collapsed": false,
     "input": [
      "# use our cdist function developed in the previous notebook\n",
      "def cdist(I, J):\n",
      "    i, j = np.mgrid[:I.shape[0],:J.shape[0]]\n",
      "    return np.sqrt(np.sum((I[i] - J[j])**2,axis=2))"
     ],
     "language": "python",
     "metadata": {},
     "outputs": [],
     "prompt_number": 9
    },
    {
     "cell_type": "code",
     "collapsed": false,
     "input": [
      "# create some randomly-located points\n",
      "n_points=10\n",
      "I, J = np.random.uniform(size=(2,n_points))\n",
      "IJ = np.vstack((I,J)).T\n",
      "\n",
      "plt.figure(figsize=(7,7))\n",
      "plt.gca().set_aspect('equal')\n",
      "plt.scatter(I,J)"
     ],
     "language": "python",
     "metadata": {},
     "outputs": [
      {
       "metadata": {},
       "output_type": "pyout",
       "prompt_number": 10,
       "text": [
        "<matplotlib.collections.PathCollection at 0x7f48f7a38a10>"
       ]
      },
      {
       "metadata": {},
       "output_type": "display_data",
       "png": "iVBORw0KGgoAAAANSUhEUgAAAVcAAAGnCAYAAAADoxQBAAAABHNCSVQICAgIfAhkiAAAAAlwSFlz\nAAALEgAACxIB0t1+/AAAFthJREFUeJzt3XGMpOdd2PHvz/EtbBsOkniStGd7puKSrGt6jc+V638I\nu3JOPrcOLrFIzxBq2iiNi9xIFIqN1MprtUI1qCFF4Uoo22AI3buQqsEFLJxgb1AUDKvYZpOTL3cG\nZrGNa96YRCno6J3sX/+Y8XnZ7O6dd95n3nd2vx/ppJnZZ+d5bu78vdln3vd1ZCaSpHpd0vQCJGkn\nMq6SVIBxlaQCjKskFWBcJakA4ypJBdQS14hYiIjnI2JlizE/ExGnI+KJiHh7HfNKUlvV9c71Y8CN\nm30xIm4Cvj0z3wJ8APi5muaVpFaqJa6Z+Tngq1sMuQX4peHY3wO+NSLeVMfcktRG49pz3Qc8veb+\ns8PHJGlHurTpBawVEZ6LK6lVMjO2833jeuf6LHDFmvuXDx/7BpnZ6K977rln16+h6fnbsIam52/D\nGpqevw1rGEWdcY3hr408APwzgIi4HvhaZj5f49yS1Cq1bAtExP8AZoE3RMSfAPcAU0Bm5s9n5m9G\nxD+KiKeAvwT+eR3zSlJb1RLXzPy+ixhzZx1zlTY7O9v0EhpfQ9Pzt2ENTc/fhjU0PX9b1rBdMeq+\nQp0iItu0Hkm7W0SQLf9AS5J2FeMqSQUYV0kqwLhKUgHGVZIKMK6SVIBxlaQCjKskFWBcJakA4ypJ\nBRhXSSrAuEpSAcZVkgowrpJUgHGVpAKMqyQVYFwlqQDjKkkFGFdJKsC4SlIBxlWSCjCuklTAjolr\nVVUsLy9TVVXTS5GknRHXxcXjdLszHDp0B93uDIuLx5tekqRdLjKz6TWcFxH5atdTVRXd7gxnzjwC\nHABWmJ6eY3X1JJ1Op8g6Je0OEUFmxna+d+Lfufb7faamegzCCnCAPXu69Pv95hYladeb+Lj2ej3O\nnu0DK8NHVjh3bpVer9fcoiTtehMf106nw8LCUaan59i79yDT03MsLBx1S0BSoyZ+z/VlVVXR7/fp\n9XqGVVItRtlz3TFxlaS67eoPtHTxPBZYGh/jukt4LLA0Xm4L7AIeCyxtj9sC2pLHAkvjZ1x3AY8F\nlsbPuO4CHgssjZ97rruIxwJLr47HuUpSAX6gJUktY1wlqQDjKkkFGFdJKsC4Spook3KNDOMqaWJM\n0jUyPBRL0kRo4hoZHoolacebtGtkGFdJE2HSrpFhXCVNhEm7RoZ7rpImyjivkeG1BSSpAD/QkqSW\nMa6SVIBxlaQCjKskFWBcJamAWuIaEYcj4mREnIqIuzb4+hUR8XBEPBYRT0TETXXMK0ltNfKhWBFx\nCXAKuAH4U2AZOJKZJ9eM+SjwWGZ+NCKuAn4zM//OBs/loViSWqPpQ7GuA05n5mpmngOOAbesG/MS\nsHd4+9uAZ2uYV5Ja69IanmMf8PSa+88wCO5a9wIPRcQHgb8BvLOGeSWpteqI68W4DfhYZv50RFwP\nfBy4eqOB8/Pz52/Pzs4yOzs7jvVJEktLSywtLdXyXHXsuV4PzGfm4eH9u4HMzPvWjPkScGNmPju8\n/4fAP8zMr6x7LvdcJbVG03uuy8D+iOhGxBRwBHhg3ZhVhlsBww+0vml9WCVpJxk5rpn5InAn8BBw\nAjiWmU9GxL0RcfNw2I8C74+IJ4BfAW4fdV5JajOviiVJm2h6W0CStI5xlaQCjKskFWBcJakA4ypJ\nBRhXSSrAuEpSAcZVkgowrpJUgHGVpAKMqyQVYFwlqQDjKkkFGFdJKsC4SlIBxlWSCjCuklSAcZWk\nAoyrJBVgXCWpAOMqSQUYV0kqwLhKUgHGVZIKMK6SVIBxlaQCjKskFWBcJakA4ypJBRhXSSrAuEpS\nAcZVkgowrpJUgHGVpAKMqyQVYFwlqQDjKkkFGFdJKsC4SlIBxlWSCjCuklSAcZWkAoyrJBVgXCWp\nAOMqSQUYV0kqwLhKUgHGVedVVcXy8jJVVTW9FGniGVcBsLh4nG53hkOH7qDbnWFx8XjTS5ImWmRm\n02s4LyKyTevZLaqqotud4cyZR4ADwArT03Osrp6k0+k0vTypMRFBZsZ2vtd3rqLf7zM11WMQVoAD\n7NnTpd/vN7coacIZV9Hr9Th7tg+sDB9Z4dy5VXq9XnOLkiaccRWdToeFhaNMT8+xd+9BpqfnWFg4\n6paANAL3XHVeVVX0+316vZ5hlRhtz9W4StIm/EBLklqmlrhGxOGIOBkRpyLirk3GvCciTkTEFyPi\n43XMK0ltNfK2QERcApwCbgD+FFgGjmTmyTVj9gPHgbnM/HpEXJaZX9ngudwWkNQaTW8LXAeczszV\nzDwHHANuWTfm/cDPZubXATYKqyTtJHXEdR/w9Jr7zwwfW+utwNsi4nMR8fmIuLGGeSWptS4d4zz7\ngXcAVwK/ExHf8fI72bXm5+fP356dnWV2dnZMS5S02y0tLbG0tFTLc9Wx53o9MJ+Zh4f37wYyM+9b\nM+a/Ao9m5v3D+58B7srML6x7LvdcJbVG03uuy8D+iOhGxBRwBHhg3ZhPAXMAEXEZ8Bbgj2qYW5Ja\naeS4ZuaLwJ3AQ8AJ4FhmPhkR90bEzcMxvwW8EBEngN8GfjQzvzrq3JLUVp6hJUmbaHpbQJK0jnGV\npAKMqyQVYFwlqQDjKkkFGFdJKsC4SlIBxlWSCjCuklSAcZWkAoyrJBVgXCWpAOMqSQUYV0kqwLhK\nUgHGVZIKMK6SVIBxlaQCjKskFWBcJakA4ypJBRhXSSrAuEpSAcZVkgowrpJUgHGVpAKMqyQVYFwl\nqQDjKkkFGFdJKsC4SlIBxlWSCjCuklSAcZWkAoyrJBVgXCWpAOMqSQUYV0kqwLhKUgHGVZIKMK6S\nVIBxlaQCjKskFWBcJakA4ypJBRhXSSrAuEpSAcZVkgowrpJUgHGVpAKMqyQVYFwlqQDjKqlWVVWx\nvLxMVVVNL6VRxlVSbRYXj9PtznDo0B10uzMsLh5vekmNicxseg3nRUS2aT2SLl5VVXS7M5w58whw\nAFhhenqO1dWTdDqdppe3LRFBZsZ2vtd3rpJq0e/3mZrqMQgrwAH27OnS7/ebW1SDaolrRByOiJMR\ncSoi7tpi3K0R8VJEHKxjXknt0ev1OHu2D6wMH1nh3LlVer1ec4tq0MhxjYhLgI8ANwJXA7dFxMwG\n414LfBB4dNQ5JbVPp9NhYeEo09Nz7N17kOnpORYWjk7slsCoRt5zjYjrgXsy86bh/buBzMz71o37\naeAh4MeAH8nMxzZ4LvdcpQlXVRX9fp9erzfxYR1lz/XSGubfBzy95v4zwHVrB0TENcDlmflgRPxY\nDXNKaqlOpzPxUa1DHXHdUkQE8CHg9rUPbzZ+fn7+/O3Z2VlmZ2dLLU2S/pqlpSWWlpZqea66tgXm\nM/Pw8P5f2xaIiL3AU8BfMIjqm4EXgO9evzXgtoCkNhllW6COuL4G+DJwA/Ac8PvAbZn55CbjHwH+\nTWY+vsHXjKuk1mj0ONfMfBG4k8GHVSeAY5n5ZETcGxE3b/QtbLEtIEk7gWdoSdImPENLklrGuEpS\nAcZVkgowrpJUgHGVpAKMqyQVYFwlqQDjKkkFGFdJKsC4SlIBxlWSCjCuklSAcZWkAoyrJBVgXCWp\nAOMqSQUYV0kqwLi2UFVVLC8vU1VV00uRtE3GtWUWF4/T7c5w6NAddLszLC4eb3pJkrbB/4dWi1RV\nRbc7w5kzjwAHgBWmp+dYXT1Jp9NpennSruP/Q2uH6Pf7TE31GIQV4AB79nTp9/vNLUrSthjXFun1\nepw92wdWho+scO7cKr1er7lFSdoW49oinU6HhYWjTE/PsXfvQaan51hYOOqWgDSB3HNtoaqq6Pf7\n9Ho9wyo1aJQ9V+MqSZvwAy1JahnjKkkFGFftKp79pnExrto1PPtN4+QHWtoVPPtN2+EHWtIFePab\nxs24alfw7DeNm3HVruDZbxo391y1q3j2m14Nz9CSpAL8QEuSWsa4SlIBxlWSCjCuklSAcZWkAoyr\nJBVgXCWpAOMqSQUYV0kqwLhKUgHGVZIKMK6SVIBxlaQCjKskFWBcJakA4ypJBRhXSSrAuEpSAcZV\nkgowrpJUgHGVpAKMqyQVUEtcI+JwRJyMiFMRcdcGX//hiDgREU9ExKcj4oo65pWktho5rhFxCfAR\n4EbgauC2iJhZN+wx4NrMfDvwP4GfGnVeSWqzOt65XgeczszVzDwHHANuWTsgMz+bmX81vPsosK+G\neSWpteqI6z7g6TX3n2HreL4PeLCGeSWptS4d52QR8V7gWuC7NhszPz9//vbs7Cyzs7PF1yVJAEtL\nSywtLdXyXJGZoz1BxPXAfGYeHt6/G8jMvG/duHcC/wV4R2a+sMlz5ajrkaS6RASZGdv53jq2BZaB\n/RHRjYgp4AjwwLoFXgP8HPDdm4VV0vhVVcXy8jJVVTW9lB1n5Lhm5ovAncBDwAngWGY+GRH3RsTN\nw2E/CfxN4Fcj4vGI+NSo80oazeLicbrdGQ4duoNud4bFxeNNL2lHGXlboE5uC0jjUVUV3e4MZ848\nAhwAVpienmN19SSdTqfp5bVG09sCkiZMv99naqrHIKwAB9izp0u/329uUTuMcZV2oV6vx9mzfWBl\n+MgK586t0uv1mlvUDmNcpV2o0+mwsHCU6ek59u49yPT0HAsLR90SqJF7rtIuVlUV/X6fXq9nWDcw\nyp6rcZWkTfiBliS1jHGVpAKMqyQVYFwlqQDjKkkFGNeW8oIa0mQzri3kBTWkyedxri3jBTWk9vA4\n1x3EC2pIO4NxbRkvqCHtDMa1ZbyghrQzuOfaUl5QQ2qeF26RpAL8QEuSWsa4SlIBxlWSCjCuklSA\ncZWkAoyrJBVgXCWpAOMqSQUYV0kqwLhKUgHGVZIKMK6SVIBxlaQCjKskFWBcJakA4ypJBRhXSSrA\nuEpSAcZVkgowrpJUgHGVpAKMqyQVYFwlqQDjKkkFGFdJKsC4SlIBxnWCVFXF8vIyVVU1vRRJF2Bc\nJ8Ti4nG63RkOHbqDbneGxcXjTS9J0hYiM5tew3kRkW1aT1tUVUW3O8OZM48AB4AVpqfnWF09SafT\naXp50o4VEWRmbOd7fec6Afr9PlNTPQZhBTjAnj1d+v1+c4uStCXjOgF6vR5nz/aBleEjK5w7t0qv\n12tuUZK2ZFwnQKfTYWHhKNPTc+zde5Dp6TkWFo66JSC1mHuuE6SqKvr9Pr1ez7BKYzDKnqtxlaRN\n+IGWJLWMcZWkAoyrJBVgXCWpgFriGhGHI+JkRJyKiLs2+PpURByLiNMR8bsRcWUd80pSW40c14i4\nBPgIcCNwNXBbRMysG/Y+4M8z8y3Ah4GfHHVeSWqzOt65XgeczszVzDwHHANuWTfmFuD+4e1PAjfU\nMK8ktVYdcd0HPL3m/jPDxzYck5kvAl+LiNfXMLcktdKlDc276UG58/Pz52/Pzs4yOzs7huVIEiwt\nLbG0tFTLc418hlZEXA/MZ+bh4f27gczM+9aMeXA45vci4jXAc5n5xg2eyzO0JLVG02doLQP7I6Ib\nEVPAEeCBdWP+N3D78Pb3Ag/XMK8ktdbI2wKZ+WJE3Ak8xCDWC5n5ZETcCyxn5q8DC8AvR8Rp4AUG\nAZakHcsLt0jSJpreFpAkrWNcJakA4ypJBRhXSSrAuEpSAcZVkgowrpJUgHGVpAKMqyQVYFwlqQDj\nKkkFGFdJKsC4SlIBxlWSCjCuklSAcZWkAoyrJBVgXCWpAOMqSQUYV0kqwLhKUgHGVZIKMK6SVIBx\nlaQCjKskFWBcJakA4ypJBRhXSSrAuEpSAcZVkgowrpJUgHGVpAKMqyQVYFwlqQDjKkkFGFdJKsC4\nSlIBxlWSCjCuklSAcZWkAoyrJBVgXCWpAOMqSQUYV0kqwLhKUgHGVZIKMK6SVIBxlaQCjKskFWBc\nJakA4ypJBRhXSSrAuEpSAcZVkgowrpJUgHGVpAJGimtEvC4iHoqIL0fEb0XEt24w5u9HxOcj4osR\n8UREvGeUOUtbWlpqegmNr6Hp+duwhqbnb8Mamp6/LWvYrlHfud4NfCYz3wY8DPz4BmP+EviBzPx7\nwE3AhyNi74jzFtOGP8ym19D0/G1YQ9Pzt2ENTc/fljVs16hxvQW4f3j7fuCfrB+QmU9l5h8Obz8H\n/BnQGXFeSWq1UeP6xsx8HiAz/w/wxq0GR8R1wJ6XYytJO1Vk5tYDIj4NvGntQ0AC/w74xcx8/Zqx\nL2TmGzZ5nr8FPMJgi2B5kzFbL0aSxiwzYzvfd+lFPPGhzb4WEc9HxJsy8/mIeDODH/k3GvctwK8D\nP75ZWIdzbes3IUltM+q2wAPADw5v3w782voBEbEH+BRwf2b+rxHnk6SJcMFtgS2/OeL1wCeAK4BV\n4D2Z+bWIuBb4QGb+y4j4fuC/Ayd4ZUvhBzNzZeTVS1JLjRRXSdLGGjlDKyIOR8TJiDgVEXdt8PWp\niDgWEacj4ncj4soG1vCdEfGFiDgXEe9uYP4fjogTwxMvPh0RVzSwhg9ExEpEPB4RvxMRM+Ocf824\nWyPipYg4WOf8F7OGiLg9Iv4sIh4b/voX45x/OOY9w78LX4yIj9c5/8WsISI+NPw78NjwhKE/b2AN\nV0TEw8M1PBERN415/isj4jMR8QfDdfztCz5pZo71F4OgPwV0gT3AE8DMujH/Cjg6vP1PgWMNrOFK\n4DuAXwTe3cD83wV88/D2HQ29Bq9dc/tdwIPjnP/lNQCfBT4PHGzgNbgd+Jk6532V8+8HvgDsHd6/\nbNxrWDf+TuAXGngdPspgqxHgKuCPxzz/J4D3Dm/PAr90oedt4p3rdcDpzFzNzHPAMQYnI6y19uSE\nTwI3jHsNmfknmfklBnvEdbuY+T+bmX81vPsosK+BNfzFmruvBV4a5/xD/wH4T8D/q3HuV7uGUkex\nXMz87wd+NjO/DpCZX2lgDWvdBiw2sIaXgJfP7Pw24Nkxz/93GRxKSmYubfD1b9BEXPcBT6+5/wzf\nGI7zYzLzReBrww/PxrmGkl7t/O8DHmxiDRHxQxHxFIPAfXCc80fENcDlmVn37/2i1zD07uGPop+I\niMvHPP9bgbdFxOeG1+i4scb5L3YNwOBHY6DH4FT3ca/hXuAHIuJpBod1/usxz/8E8G6A4TbhayPi\ndVs96aRcFWvXHv8aEe8FrgV+qon5M/NoZu4H7gL+/bjmjYgAPgT8yNqHxzX/Gg8Avcx8O/AZXvmJ\nalwuZbA18A7g+4D/1uC1OY4An8zhz8Zjdhvwscy8AvjHQO17zxfwb4HZiPgC8J0M3jm/uNU3NBHX\nZxnsZ77scr7xLf4zDA7vIiJew2C/qc5N9ItZQ0kXNX9EvJPBxXDeNfxxZexrWOM4G1w7ouD83wJc\nDSxFxB8D1wO/VvOHWhd8DTLzq2te+19g8A/d2OZn8N/CA5n5Umb2gVPAW8a8hpcdof4tgYtdw/sY\n7HuSmY8C3xwRl41r/sx8LjNvzcxrGZydystbNZuqc2P6IjePX8Mrm8dTDN5uX7VuzA/xygdaR6j/\nw5wLrmHN2I8BtzbwGlwzHPPtDf457F9z+13A7zfxZzAc/whwTQOvwZvX3P4e4PNjnv9GBqeZA1zG\n4Hjy1437zwGYAf6owb+LvwHcPrx9FfDMmOd/A68cuvofgfkLPm+JF+sifjOHgS8Dp4G7h4/dC9w8\nvP1NDP6VOs3gw5xeA2v4Bwz2Yf4vUAFfHPP8nwaeAx4DHgc+1cBr8GHgS8M1/PZW8Ssx/7qxD1Pz\n0QIX+Rr8xPA1eHz4Grx13K8B8J8ZnITzB8D3jvs1GN6/B/iJuud+FX8OVwGfG4bvMeCGMc9/K4Of\nGk4CP8/gAlRbPqcnEUhSAZPygZYkTRTjKkkFGFdJKsC4SlIBxlWSCjCuklSAcZWkAv4/DargTpaN\nhFwAAAAASUVORK5CYII=\n",
       "text": [
        "<matplotlib.figure.Figure at 0x7f490014f750>"
       ]
      }
     ],
     "prompt_number": 10
    },
    {
     "cell_type": "code",
     "collapsed": false,
     "input": [
      "# compute the pairwise distances between all the points\n",
      "D = cdist(IJ,IJ)\n",
      "D"
     ],
     "language": "python",
     "metadata": {},
     "outputs": [
      {
       "metadata": {},
       "output_type": "pyout",
       "prompt_number": 11,
       "text": [
        "array([[ 0.        ,  0.59933659,  0.88355201,  0.36984971,  0.77510674,\n",
        "         0.85022589,  0.95970355,  0.74342719,  0.22454025,  0.77656111],\n",
        "       [ 0.59933659,  0.        ,  0.2882127 ,  0.319054  ,  0.80462574,\n",
        "         0.54808932,  0.49818126,  0.26935018,  0.56017889,  0.18146198],\n",
        "       [ 0.88355201,  0.2882127 ,  0.        ,  0.59768105,  1.00319126,\n",
        "         0.64575378,  0.48242405,  0.35727912,  0.84527223,  0.10722735],\n",
        "       [ 0.36984971,  0.319054  ,  0.59768105,  0.        ,  0.56481604,\n",
        "         0.49609494,  0.58994834,  0.37998906,  0.25221039,  0.49489536],\n",
        "       [ 0.77510674,  0.80462574,  1.00319126,  0.56481604,  0.        ,\n",
        "         0.43262158,  0.67372559,  0.65092198,  0.55063543,  0.92965416],\n",
        "       [ 0.85022589,  0.54808932,  0.64575378,  0.49609494,  0.43262158,\n",
        "         0.        ,  0.24169008,  0.29968322,  0.66340048,  0.60262147],\n",
        "       [ 0.95970355,  0.49818126,  0.48242405,  0.58994834,  0.67372559,\n",
        "         0.24169008,  0.        ,  0.23704398,  0.80986817,  0.47607054],\n",
        "       [ 0.74342719,  0.26935018,  0.35727912,  0.37998906,  0.65092198,\n",
        "         0.29968322,  0.23704398,  0.        ,  0.62156585,  0.30353172],\n",
        "       [ 0.22454025,  0.56017889,  0.84527223,  0.25221039,  0.55063543,\n",
        "         0.66340048,  0.80986817,  0.62156585,  0.        ,  0.7403559 ],\n",
        "       [ 0.77656111,  0.18146198,  0.10722735,  0.49489536,  0.92965416,\n",
        "         0.60262147,  0.47607054,  0.30353172,  0.7403559 ,  0.        ]])"
       ]
      }
     ],
     "prompt_number": 11
    },
    {
     "cell_type": "code",
     "collapsed": false,
     "input": [
      "# if we sort along one axis we get the distance to the nearest neighbors\n",
      "# of each point\n",
      "# note that the distances in the first column are zero because each point\n",
      "# is closest to itself\n",
      "nn_d = np.sort(D,axis=1)\n",
      "nn_d"
     ],
     "language": "python",
     "metadata": {},
     "outputs": [
      {
       "metadata": {},
       "output_type": "pyout",
       "prompt_number": 12,
       "text": [
        "array([[ 0.        ,  0.22454025,  0.36984971,  0.59933659,  0.74342719,\n",
        "         0.77510674,  0.77656111,  0.85022589,  0.88355201,  0.95970355],\n",
        "       [ 0.        ,  0.18146198,  0.26935018,  0.2882127 ,  0.319054  ,\n",
        "         0.49818126,  0.54808932,  0.56017889,  0.59933659,  0.80462574],\n",
        "       [ 0.        ,  0.10722735,  0.2882127 ,  0.35727912,  0.48242405,\n",
        "         0.59768105,  0.64575378,  0.84527223,  0.88355201,  1.00319126],\n",
        "       [ 0.        ,  0.25221039,  0.319054  ,  0.36984971,  0.37998906,\n",
        "         0.49489536,  0.49609494,  0.56481604,  0.58994834,  0.59768105],\n",
        "       [ 0.        ,  0.43262158,  0.55063543,  0.56481604,  0.65092198,\n",
        "         0.67372559,  0.77510674,  0.80462574,  0.92965416,  1.00319126],\n",
        "       [ 0.        ,  0.24169008,  0.29968322,  0.43262158,  0.49609494,\n",
        "         0.54808932,  0.60262147,  0.64575378,  0.66340048,  0.85022589],\n",
        "       [ 0.        ,  0.23704398,  0.24169008,  0.47607054,  0.48242405,\n",
        "         0.49818126,  0.58994834,  0.67372559,  0.80986817,  0.95970355],\n",
        "       [ 0.        ,  0.23704398,  0.26935018,  0.29968322,  0.30353172,\n",
        "         0.35727912,  0.37998906,  0.62156585,  0.65092198,  0.74342719],\n",
        "       [ 0.        ,  0.22454025,  0.25221039,  0.55063543,  0.56017889,\n",
        "         0.62156585,  0.66340048,  0.7403559 ,  0.80986817,  0.84527223],\n",
        "       [ 0.        ,  0.10722735,  0.18146198,  0.30353172,  0.47607054,\n",
        "         0.49489536,  0.60262147,  0.7403559 ,  0.77656111,  0.92965416]])"
       ]
      }
     ],
     "prompt_number": 12
    },
    {
     "cell_type": "code",
     "collapsed": false,
     "input": [
      "# to get the closest k distances, we just truncate this array along the second axis\n",
      "nn_d[:,:3]"
     ],
     "language": "python",
     "metadata": {},
     "outputs": [
      {
       "metadata": {},
       "output_type": "pyout",
       "prompt_number": 13,
       "text": [
        "array([[ 0.        ,  0.22454025,  0.36984971],\n",
        "       [ 0.        ,  0.18146198,  0.26935018],\n",
        "       [ 0.        ,  0.10722735,  0.2882127 ],\n",
        "       [ 0.        ,  0.25221039,  0.319054  ],\n",
        "       [ 0.        ,  0.43262158,  0.55063543],\n",
        "       [ 0.        ,  0.24169008,  0.29968322],\n",
        "       [ 0.        ,  0.23704398,  0.24169008],\n",
        "       [ 0.        ,  0.23704398,  0.26935018],\n",
        "       [ 0.        ,  0.22454025,  0.25221039],\n",
        "       [ 0.        ,  0.10722735,  0.18146198]])"
       ]
      }
     ],
     "prompt_number": 13
    },
    {
     "cell_type": "code",
     "collapsed": false,
     "input": [
      "# argsort of the distance array tells us *which* points are nearest.\n",
      "# note that the first column is sequential because each point is closest to itself\n",
      "nn_ix = np.argsort(D,axis=1)\n",
      "nn_ix"
     ],
     "language": "python",
     "metadata": {},
     "outputs": [
      {
       "metadata": {},
       "output_type": "pyout",
       "prompt_number": 14,
       "text": [
        "array([[0, 8, 3, 1, 7, 4, 9, 5, 2, 6],\n",
        "       [1, 9, 7, 2, 3, 6, 5, 8, 0, 4],\n",
        "       [2, 9, 1, 7, 6, 3, 5, 8, 0, 4],\n",
        "       [3, 8, 1, 0, 7, 9, 5, 4, 6, 2],\n",
        "       [4, 5, 8, 3, 7, 6, 0, 1, 9, 2],\n",
        "       [5, 6, 7, 4, 3, 1, 9, 2, 8, 0],\n",
        "       [6, 7, 5, 9, 2, 1, 3, 4, 8, 0],\n",
        "       [7, 6, 1, 5, 9, 2, 3, 8, 4, 0],\n",
        "       [8, 0, 3, 4, 1, 7, 5, 9, 6, 2],\n",
        "       [9, 2, 1, 7, 6, 3, 5, 8, 0, 4]])"
       ]
      }
     ],
     "prompt_number": 14
    },
    {
     "cell_type": "code",
     "collapsed": false,
     "input": [
      "# and we can subset it by whatever k we want\n",
      "k=3\n",
      "knn_ix = nn_ix[:,:k]\n",
      "knn_ix"
     ],
     "language": "python",
     "metadata": {},
     "outputs": [
      {
       "metadata": {},
       "output_type": "pyout",
       "prompt_number": 15,
       "text": [
        "array([[0, 8, 3],\n",
        "       [1, 9, 7],\n",
        "       [2, 9, 1],\n",
        "       [3, 8, 1],\n",
        "       [4, 5, 8],\n",
        "       [5, 6, 7],\n",
        "       [6, 7, 5],\n",
        "       [7, 6, 1],\n",
        "       [8, 0, 3],\n",
        "       [9, 2, 1]])"
       ]
      }
     ],
     "prompt_number": 15
    },
    {
     "cell_type": "code",
     "collapsed": false,
     "input": [
      "# to get the distances that correspond to the indices, we need\n",
      "# to use a fairly tricky indexing scheme."
     ],
     "language": "python",
     "metadata": {},
     "outputs": [],
     "prompt_number": 16
    },
    {
     "cell_type": "code",
     "collapsed": false,
     "input": [
      "# first create a matrix the same size as knn_ix of row numbers\n",
      "row, _ = np.mgrid[:IJ.shape[0],:k]\n",
      "row"
     ],
     "language": "python",
     "metadata": {},
     "outputs": [
      {
       "metadata": {},
       "output_type": "pyout",
       "prompt_number": 17,
       "text": [
        "array([[0, 0, 0],\n",
        "       [1, 1, 1],\n",
        "       [2, 2, 2],\n",
        "       [3, 3, 3],\n",
        "       [4, 4, 4],\n",
        "       [5, 5, 5],\n",
        "       [6, 6, 6],\n",
        "       [7, 7, 7],\n",
        "       [8, 8, 8],\n",
        "       [9, 9, 9]])"
       ]
      }
     ],
     "prompt_number": 17
    },
    {
     "cell_type": "code",
     "collapsed": false,
     "input": [
      "# now we can use the row matrix as the row index into D,\n",
      "# and the knn_ix matrix as the column index\n",
      "knn_dist = D[row,knn_ix]\n",
      "knn_dist"
     ],
     "language": "python",
     "metadata": {},
     "outputs": [
      {
       "metadata": {},
       "output_type": "pyout",
       "prompt_number": 18,
       "text": [
        "array([[ 0.        ,  0.22454025,  0.36984971],\n",
        "       [ 0.        ,  0.18146198,  0.26935018],\n",
        "       [ 0.        ,  0.10722735,  0.2882127 ],\n",
        "       [ 0.        ,  0.25221039,  0.319054  ],\n",
        "       [ 0.        ,  0.43262158,  0.55063543],\n",
        "       [ 0.        ,  0.24169008,  0.29968322],\n",
        "       [ 0.        ,  0.23704398,  0.24169008],\n",
        "       [ 0.        ,  0.23704398,  0.26935018],\n",
        "       [ 0.        ,  0.22454025,  0.25221039],\n",
        "       [ 0.        ,  0.10722735,  0.18146198]])"
       ]
      }
     ],
     "prompt_number": 18
    },
    {
     "cell_type": "code",
     "collapsed": false,
     "input": [
      "# here is the resulting function, allowing us to specify k\n",
      "\n",
      "def knn(query_pts, pts, k=3):\n",
      "    # brute force k nearest neighbors\n",
      "    D = cdist(query_pts, pts)\n",
      "    knn_ix = np.argsort(D,axis=1)[:,:k]\n",
      "    row, _ = np.mgrid[:query_pts.shape[0],:k]\n",
      "    knn_dist = D[row, knn_ix]\n",
      "    return knn_dist, knn_ix"
     ],
     "language": "python",
     "metadata": {},
     "outputs": [],
     "prompt_number": 19
    },
    {
     "cell_type": "code",
     "collapsed": false,
     "input": [
      "from scipy import stats\n",
      "\n",
      "# now make a grid\n",
      "resolution = 2000\n",
      "m = np.linspace(0, 1, resolution)\n",
      "n = np.linspace(0, 1, resolution)\n",
      "M, N = np.meshgrid(m,n)\n",
      "MN = np.dstack((M,N)).reshape(-1,2)\n",
      "\n",
      "# now find the distasnce to the nearest neighbor of each grid point\n",
      "dist, nabe = knn(MN,IJ,k=1)\n",
      "\n",
      "# turn that into an image\n",
      "dist_img = dist.reshape((resolution,resolution))\n",
      "\n",
      "plt.figure(figsize=(7,7))\n",
      "plt.gca().set_aspect('equal')\n",
      "plt.scatter(I, J, c='black')\n",
      "# we negate dist_img so that low distances are brighter\n",
      "plt.imshow(-dist_img,origin='lower',cmap='gray',extent=[0, 1, 0, 1])"
     ],
     "language": "python",
     "metadata": {},
     "outputs": [
      {
       "ename": "MemoryError",
       "evalue": "",
       "output_type": "pyerr",
       "traceback": [
        "\u001b[0;31m---------------------------------------------------------------------------\u001b[0m\n\u001b[0;31mMemoryError\u001b[0m                               Traceback (most recent call last)",
        "\u001b[0;32m<ipython-input-24-2f527e8f3d3b>\u001b[0m in \u001b[0;36m<module>\u001b[0;34m()\u001b[0m\n\u001b[1;32m      9\u001b[0m \u001b[0;34m\u001b[0m\u001b[0m\n\u001b[1;32m     10\u001b[0m \u001b[0;31m# now find the distasnce to the nearest neighbor of each grid point\u001b[0m\u001b[0;34m\u001b[0m\u001b[0;34m\u001b[0m\u001b[0m\n\u001b[0;32m---> 11\u001b[0;31m \u001b[0mdist\u001b[0m\u001b[0;34m,\u001b[0m \u001b[0mnabe\u001b[0m \u001b[0;34m=\u001b[0m \u001b[0mknn\u001b[0m\u001b[0;34m(\u001b[0m\u001b[0mMN\u001b[0m\u001b[0;34m,\u001b[0m\u001b[0mIJ\u001b[0m\u001b[0;34m,\u001b[0m\u001b[0mk\u001b[0m\u001b[0;34m=\u001b[0m\u001b[0;36m1\u001b[0m\u001b[0;34m)\u001b[0m\u001b[0;34m\u001b[0m\u001b[0m\n\u001b[0m\u001b[1;32m     12\u001b[0m \u001b[0;34m\u001b[0m\u001b[0m\n\u001b[1;32m     13\u001b[0m \u001b[0;31m# turn that into an image\u001b[0m\u001b[0;34m\u001b[0m\u001b[0;34m\u001b[0m\u001b[0m\n",
        "\u001b[0;32m<ipython-input-19-472453bd9302>\u001b[0m in \u001b[0;36mknn\u001b[0;34m(query_pts, pts, k)\u001b[0m\n\u001b[1;32m      3\u001b[0m \u001b[0;32mdef\u001b[0m \u001b[0mknn\u001b[0m\u001b[0;34m(\u001b[0m\u001b[0mquery_pts\u001b[0m\u001b[0;34m,\u001b[0m \u001b[0mpts\u001b[0m\u001b[0;34m,\u001b[0m \u001b[0mk\u001b[0m\u001b[0;34m=\u001b[0m\u001b[0;36m3\u001b[0m\u001b[0;34m)\u001b[0m\u001b[0;34m:\u001b[0m\u001b[0;34m\u001b[0m\u001b[0m\n\u001b[1;32m      4\u001b[0m     \u001b[0;31m# brute force k nearest neighbors\u001b[0m\u001b[0;34m\u001b[0m\u001b[0;34m\u001b[0m\u001b[0m\n\u001b[0;32m----> 5\u001b[0;31m     \u001b[0mD\u001b[0m \u001b[0;34m=\u001b[0m \u001b[0mcdist\u001b[0m\u001b[0;34m(\u001b[0m\u001b[0mquery_pts\u001b[0m\u001b[0;34m,\u001b[0m \u001b[0mpts\u001b[0m\u001b[0;34m)\u001b[0m\u001b[0;34m\u001b[0m\u001b[0m\n\u001b[0m\u001b[1;32m      6\u001b[0m     \u001b[0mknn_ix\u001b[0m \u001b[0;34m=\u001b[0m \u001b[0mnp\u001b[0m\u001b[0;34m.\u001b[0m\u001b[0margsort\u001b[0m\u001b[0;34m(\u001b[0m\u001b[0mD\u001b[0m\u001b[0;34m,\u001b[0m\u001b[0maxis\u001b[0m\u001b[0;34m=\u001b[0m\u001b[0;36m1\u001b[0m\u001b[0;34m)\u001b[0m\u001b[0;34m[\u001b[0m\u001b[0;34m:\u001b[0m\u001b[0;34m,\u001b[0m\u001b[0;34m:\u001b[0m\u001b[0mk\u001b[0m\u001b[0;34m]\u001b[0m\u001b[0;34m\u001b[0m\u001b[0m\n\u001b[1;32m      7\u001b[0m     \u001b[0mrow\u001b[0m\u001b[0;34m,\u001b[0m \u001b[0m_\u001b[0m \u001b[0;34m=\u001b[0m \u001b[0mnp\u001b[0m\u001b[0;34m.\u001b[0m\u001b[0mmgrid\u001b[0m\u001b[0;34m[\u001b[0m\u001b[0;34m:\u001b[0m\u001b[0mquery_pts\u001b[0m\u001b[0;34m.\u001b[0m\u001b[0mshape\u001b[0m\u001b[0;34m[\u001b[0m\u001b[0;36m0\u001b[0m\u001b[0;34m]\u001b[0m\u001b[0;34m,\u001b[0m\u001b[0;34m:\u001b[0m\u001b[0mk\u001b[0m\u001b[0;34m]\u001b[0m\u001b[0;34m\u001b[0m\u001b[0m\n",
        "\u001b[0;32m<ipython-input-9-b4b726c98584>\u001b[0m in \u001b[0;36mcdist\u001b[0;34m(I, J)\u001b[0m\n\u001b[1;32m      2\u001b[0m \u001b[0;32mdef\u001b[0m \u001b[0mcdist\u001b[0m\u001b[0;34m(\u001b[0m\u001b[0mI\u001b[0m\u001b[0;34m,\u001b[0m \u001b[0mJ\u001b[0m\u001b[0;34m)\u001b[0m\u001b[0;34m:\u001b[0m\u001b[0;34m\u001b[0m\u001b[0m\n\u001b[1;32m      3\u001b[0m     \u001b[0mi\u001b[0m\u001b[0;34m,\u001b[0m \u001b[0mj\u001b[0m \u001b[0;34m=\u001b[0m \u001b[0mnp\u001b[0m\u001b[0;34m.\u001b[0m\u001b[0mmgrid\u001b[0m\u001b[0;34m[\u001b[0m\u001b[0;34m:\u001b[0m\u001b[0mI\u001b[0m\u001b[0;34m.\u001b[0m\u001b[0mshape\u001b[0m\u001b[0;34m[\u001b[0m\u001b[0;36m0\u001b[0m\u001b[0;34m]\u001b[0m\u001b[0;34m,\u001b[0m\u001b[0;34m:\u001b[0m\u001b[0mJ\u001b[0m\u001b[0;34m.\u001b[0m\u001b[0mshape\u001b[0m\u001b[0;34m[\u001b[0m\u001b[0;36m0\u001b[0m\u001b[0;34m]\u001b[0m\u001b[0;34m]\u001b[0m\u001b[0;34m\u001b[0m\u001b[0m\n\u001b[0;32m----> 4\u001b[0;31m     \u001b[0;32mreturn\u001b[0m \u001b[0mnp\u001b[0m\u001b[0;34m.\u001b[0m\u001b[0msqrt\u001b[0m\u001b[0;34m(\u001b[0m\u001b[0mnp\u001b[0m\u001b[0;34m.\u001b[0m\u001b[0msum\u001b[0m\u001b[0;34m(\u001b[0m\u001b[0;34m(\u001b[0m\u001b[0mI\u001b[0m\u001b[0;34m[\u001b[0m\u001b[0mi\u001b[0m\u001b[0;34m]\u001b[0m \u001b[0;34m-\u001b[0m \u001b[0mJ\u001b[0m\u001b[0;34m[\u001b[0m\u001b[0mj\u001b[0m\u001b[0;34m]\u001b[0m\u001b[0;34m)\u001b[0m\u001b[0;34m**\u001b[0m\u001b[0;36m2\u001b[0m\u001b[0;34m,\u001b[0m\u001b[0maxis\u001b[0m\u001b[0;34m=\u001b[0m\u001b[0;36m2\u001b[0m\u001b[0;34m)\u001b[0m\u001b[0;34m)\u001b[0m\u001b[0;34m\u001b[0m\u001b[0m\n\u001b[0m",
        "\u001b[0;31mMemoryError\u001b[0m: "
       ]
      }
     ],
     "prompt_number": 24
    },
    {
     "cell_type": "code",
     "collapsed": false,
     "input": [
      "# now let's visualize which neighbor is nearest to each point\n",
      "\n",
      "# reshape the neighbor array into a label image\n",
      "# a label image has an integer for each pixel identifying its class\n",
      "# which in this case is the index of the neighboring point in the original\n",
      "# set of points\n",
      "label_img = nabe.reshape((resolution,resolution))\n",
      "label_img"
     ],
     "language": "python",
     "metadata": {},
     "outputs": [
      {
       "metadata": {},
       "output_type": "pyout",
       "prompt_number": 21,
       "text": [
        "array([[2, 2, 2, ..., 6, 6, 6],\n",
        "       [2, 2, 2, ..., 6, 6, 6],\n",
        "       [2, 2, 2, ..., 6, 6, 6],\n",
        "       ..., \n",
        "       [0, 0, 0, ..., 4, 4, 4],\n",
        "       [0, 0, 0, ..., 4, 4, 4],\n",
        "       [0, 0, 0, ..., 4, 4, 4]])"
       ]
      }
     ],
     "prompt_number": 21
    },
    {
     "cell_type": "code",
     "collapsed": false,
     "input": [
      "from skimage.color import label2rgb\n",
      "\n",
      "# now randomly pick colors for each value in the label image\n",
      "colors = np.random.uniform(low=0.25,size=(np.max(label_img)+1,3))\n",
      "\n",
      "plt.figure(figsize=(7,7))\n",
      "plt.gca().set_aspect('equal')\n",
      "plt.scatter(I, J, c='black')\n",
      "# label2rgb turns a label image into an rgb image given colors\n",
      "plt.imshow(label2rgb(label_img,colors=colors),interpolation='nearest',origin='lower',extent=[0, 1, 0, 1])"
     ],
     "language": "python",
     "metadata": {},
     "outputs": [
      {
       "metadata": {},
       "output_type": "pyout",
       "prompt_number": 23,
       "text": [
        "<matplotlib.image.AxesImage at 0x7f48f5d3ba90>"
       ]
      },
      {
       "metadata": {},
       "output_type": "display_data",
       "png": "iVBORw0KGgoAAAANSUhEUgAAAbAAAAGnCAYAAADWnQIJAAAABHNCSVQICAgIfAhkiAAAAAlwSFlz\nAAALEgAACxIB0t1+/AAAHpJJREFUeJzt3X2QHPV95/HPd2d3tXp+AgnQI5wECCKHJwMBDCR2AAfL\nchXFU86OoSgOX5kzdkwFE5LCKl+M4cqOTeEUxEfZiUlKmFwFYYwNVNkYZA4QTwGrxCHZoEciQGIl\n9LDS7uz3/tiRNLva3emZ6Z7uX/f7VaWqnVFr9a2x0Nvfnp6WubsAAAhNW9oDAADQCAIGAAgSAQMA\nBImAAQCCRMAAAEEiYACAINUMmJndb2Zbzey1UY6528zWmtmrZnZKvCMCAHC4KBvYDyVdPNJPmtkn\nJf0Xd18o6QZJ98Y0GwAAI6oZMHdfKemDUQ5ZKumfK8c+L2mymc2MZzwAAIYXx3tgsyRtrHq8ufIc\nAACJaW/lb2Zm3LcKAHAYd7d6f00cAdssaU7V49mV54a1fN+6GH7L8P3gtr+NfOzvf/O6jjt3cYLT\n5FNRX7c/+uu/aurX//pb9+qCr30hpmmKhdeuMf9z2qkN/bqopxCt8mM4j0j6C0kys7Mldbv71oam\nAQAgopobmJn9q6QLJU03sw2SbpfUKcnd/R/d/TEz+zMzWydpt6RrkxwYAAApQsDc/c8jHHNjPONg\nOFPnzEh7hCDxujVm3nlnpD1CsHjtWos7cQRg6lw+ldAIXrfGzOcv4Ybx2rUWAQMABImApaCeKxCB\nejR7BSIQEgIGAAgSAQMABImAAQCCRMAAAEEiYACAIBEwAECQCBgAIEgEDAAQJAIGAAgSAWsx7sIB\nAPEgYACAIBEwAECQCBgAIEgEDMgJ7kSPoiFgAIAgETAAQJAIGAAgSAQMABAkAtZCfIgZAOJDwAAA\nQSJgAIAgETAAQJAIGAAgSAQMABAkAgYACBIBAwAEKciA7Xxvm3734mva+d62tEcBAKSkPe0B6vWb\nB3+q+264VaWOdpV7+3TDfXfo3CuXpD0WkCruRI8iCmoD2/neNt13w63av7dHe3fu0v69PbrvhluD\n2MS4CwcAxCuogL23frNKHYOXxlJHu95bvzmliQAAaQkqYEfOm6Vyb9+g58q9fTpy3qyUJgIApCWo\ngE06crpuuO8OdY7t0thJE9Q5tks33HeHJh05Pe3RAAAtFtxFHOdeuUSL/+Qcvbd+s46cN4t4AUBB\nBRcwaWATI1wAUGxBnUIEAOAAAoZB9u/p0c53tmn/np60RwGAUQV5ChHJ+M81b2vN4y/I2trk/f1a\ndPFZOmrRvLTHAoBhsYFB0sDmtebxF9TfV1Z5f6/6+8pa8/jzbGIAMouAtUAId+Ho2bFb1jb4j4O1\ntalnx+6UJgKA0REwSJK6Jo+X9/cPes77+9U1eXxKEwHA6AgYJEmd47q06OKz1NZeUqmzQ23tJS26\n+Cx1jutKezQAGBYXceCgoxbN07R5M9WzY7e6Jo8nXoHgTvQoKgKGQTrHdREuAEHgFCIAIEgEDAAQ\nJAIGAAgSAQMABImAAQCCRMASFsJdOAAgRAQMABAkAgYACdv9/nZteXm1dr+/Pe1RcoUPMgNAgn77\nbz/XozctU6mjQ+XeXi25++s6+bJL0h4rF9jAACAhu9/frkdvWqa+vfu0b+cu9e3dp59+6etsYjEh\nYACQkB0b3lGpo2PQc6X2Du3Y8E5KE+ULAQOAhEyee7TKvb2Dniv39Wry3KNTmihfCBgQMO5En23j\nj5imJXd/Xe1jx2jMxAlqHztGS+7+usYfMS3t0XKBizgAIEEnX3aJ5l9wpnZseEeT5x5NvGJEwAAg\nYeOPmEa4EsApxARxFw4ASA4BAwAEiYABAIJEwAAAQSJgAIAgETAAQJAIGAAgSAQMABCkSAEzs0vM\n7A0ze9PMbhnm5+eY2S/N7GUze9XMPhn/qAAAHFIzYGbWJukeSRdLOlnS1WZ24pDD/kbSg+5+mqSr\nJf1D3IOGhg8xA0CyomxgZ0pa6+7r3b1X0nJJS4cc0y9pUuXrKZI2xzcigOFwI18UXZR7Ic6StLHq\n8SYNRK3aMklPmNmXJI2T9Il4xgMAYHhx3cz3akk/dPe/N7OzJT2ggdONh3noG987+PVJ55+lky84\nO6YRAAAheHvli1q/8sWmv0+UgG2WNLfq8WwdforwOg28RyZ3f87MuszsCHd/f+g3u/xvb2p0VgBA\nDsw/7wzNP++Mg4+fueu+hr5PlPfAVklaYGbzzKxT0lWSHhlyzHpVThua2SJJY4aLFwAAcakZMHcv\nS7pR0hOSVkta7u5rzGyZmX2qctjNkq43s1cl/Yukzyc1MAAAUsT3wNz9F5JOGPLc7VVfr5F0Xryj\nAQAwMu7EAQAIUlxXIQJI0OUf/c/DntuUwhxAlhCwBHAXDkQ1XJiimv3kX2rTn34nxmmAsBAwIAHN\nhAlANAQMqBNxArKBgAFVQosTpxFRZAQMhRBamADURsAQvKLHiS0MRUXAkFlFDxOA0REwtBxhAhAH\nAoZYEad0cBoRRUTAEBlxApAlBCxmId6FgzDlA1sYioaA5RhhApBnBCxQxAlA0RGwjCFMaAanEVEk\nBKyFiBMAxIeAxYxIIW1sYSgK/kXmGHU/fH3aIwBAYRCwmBAvAGgtAtak7oevJ17InNlP/mXaIwCJ\nI2BNIFwAkB4C1iDiBQDpImANIF4AkD4CVifiBQDZQMDqQLwQEi7kQN4RsIiIFwBkCwGLgHghVGxh\nyDMCVgPxAoBsImCjIF7IA7Yw5BU38x0G4QKA7GMDG4J4AUAYCFgV4oW84jQi8oiAVRAvAAgLARPx\nQjGwhSFvCh8w4gUAYSp0wIgXAISrsAEjXigiTiMiTwoZMOIFAOErVMC6H76eeKHw2MKQF4W4EwfR\nAoD8yf0GRryAw7GFIQ9yHTDiBQD5lduAES9gdGxhCF0uA0a8ACD/chcw4gUAxZCrgBEvoD6cRkTI\nCnEZPYCRbf3rpw5+PfObF6Y2B1Cv3ASM7Quo30u/+vSgx9UxO4CoIatyETDiBSRnuKhJhA3pCzpg\nhAto3NDtq15sa0hbsAEjXkD2sK2hlYIMGPECmtPs9lUvwoYkBBcw4gXkB6ch0YygAka8gOa1evuq\nF1FDVMEEjHgBxcUpSAwniIARLwDDYVsrtswHjHgB8cn66cM4sK0VR6YDRryy68Od+7Xt3R5Nn9Gl\niZM60x4HqIltLX8yGzDilV0v/GarfnzvGyqVTOWy63NfOFFnnjsz7bFQQxG2r3qxrYUtkwEjXtn1\n4c79+vG9b6h3f796K8/9+N43tGjxVDYx5AZhC0OmAka4sm/buz0qlexgvCSpVDJte7eHgGUY21c8\nOA2ZLZkJGPEKw/QZXSqXfdBz5bJr+oyulCYC0sW2lp5MBIx4hWPipE597gsnHvYeGNtXdrF9pYNt\nLXmpB4x4hefMc2dq0eKpXIUI1ImoxSvVgBGvcE2c1Em4AsD2lX2cgmxcagEjXgAwMra12lIJGPEC\nksf2lT9sa4O1PGDECwDiVdSwRQqYmV0i6buS2iTd7+53DnPMFZJul9Qv6T/c/bNxDgoAqE/eT0PW\nDJiZtUm6R9LHJW2RtMrMVrj7G1XHLJB0i6Q/cvedZnZEUgMDABqXp20tygZ2pqS17r5eksxsuaSl\nkt6oOuZ6Sd93952S5O7vxz0ogOh4/wv1CjFsUQI2S9LGqsebNBC1asdLkpmt1MBpxmXu/ngsEwIA\nUjM0bFkKWlwXcbRLWiDpfElzJT1tZn9wYCOr9tOH3jr49fEnTdEJJ0+NaQQAEtsXkhXHpvb2yhe1\nfuWLTc8SJWCbNRClA2ZXnqu2SdJz7t4v6W0ze1PSQkkvDf1mSy4/tsFRAQBZVc8FI/PPO0Pzzzvj\n4ONn7rqvod8zSsBWSVpgZvMkvSPpKklXDznm4cpz/1S5gGOhpN83NBGAhrF9IUuSfl+tZsDcvWxm\nN0p6Qocuo19jZsskrXL3R939cTO7yMxWS+qTdLO7fxDLhACAXBkpbPWK9B6Yu/9C0glDnrt9yOOv\nSvpqLFMBAFBDW9oDAIgHpw9RNAQMABAkAgbkANsXioiAAQCCRMCAwLF9oagIGAAgSAQMCBjbF4qM\ngAEAgkTAgECxfaHoCBgAIEgEDAgQ2xdAwIDgEC9gQMsD9syaubUPAgCghrj+Rea6VEfsY4s2pDEC\nECS2L+CQVAJWjZgBABqResCqDT29SNCAQ9i+gMEyFbCh2M4AACPJdMCqETMUGdsXcLhgAlaNU40A\ngFx8DuyZNXO5PB+5xfYFDC8XATvgQMiIGfLionkP6NZrrkh7DCCTgjyFGAXvmSFkF817IO0RgMzL\nbcCq8Z4ZQjFSuG695grd8aOftHgaINsKEbCh2M6QNWxcQP0KGbBqxAxpqidcbGHAYIUPWDVONaJV\n2LiA5hGwUbCdIW7NhostDDiEgEVEzNAMNi4gfgSsAcQMUSURLrYwYAABaxLvm2E4bFxA8ghYzNjO\nio1wAa1DwBJEzIqj1eHiNCJAwFqGU435xMYFpIeApYTtLGxZCBdbGIqOgGUAMQtLFuIFgIBlDjHL\nriyGiy0MRUbAMoyYZUMWwwWAgAWDmLVeKOFiC0NREbAAEbPkhRIvoMgIWOC4PD9eoYaLLQxFRMBy\nhu2sMaGGCygyApZjxKw2wgWEi4AVBKcaB8tjuDiNiKIhYAVV1O0sj+ECioqAoRAxK0q42MJQJAQM\ng+QtZkUJF1BEBAwjCvl9syKHiy0MRUHAEFkI21mRwwUUDQFDQ7IWM8I1GFsYioCAoWlpn2okXkAx\nETDE7kDQkg4Z4QKKjYAhMUmdZiRcACQChhaJ4zQj4QJQjYAhFfVsZ4SrMVzIgbwjYEjdSDEjXABG\n05b2AEC1Z9bM1TNr5hKvmNx6zRVpjwAkhoABAIJEwICcYwtDXhEwZM43Lvlm2iMACAABAwqALQx5\nRMCAgiBiyBsCBgAIEgEDAASJgAEFwmlE5AkBA1Aoe/fu0nvvbtDevbvSHgVN4lZSyBQuoU9eke+R\nuG7tS3r6qQfVViqpv1zW+RdeqQULT097LDSIDQxAIezdu0tPP/WgyuVe9e7vUbncq6efepBNLGAE\nDCigIr4XtuvD7WorlQY911YqadeH21OaCM0iYAAKYcLEaeovlwc9118ua8LEaSlNhGYRMKCgiraF\njR07QedfeKVKpQ51dHapVOrQ+RdeqbFjJ6Q9GhoU6SIOM7tE0nc1ELz73f3OEY67TNJDks5w95dj\nmxIAYrBg4emaNfsE7fpwuyZMnEa8AlczYGbWJukeSR+XtEXSKjNb4e5vDDlugqQvSXouiUEBIA5j\nx04gXDkR5RTimZLWuvt6d++VtFzS0mGO+4akb0naF+N8ABJUtNOIyJcoAZslaWPV402V5w4ys1Ml\nzXb3n8c4GwAAI2r6g8xmZpK+I+nz1U+PdPxrv3r14Ncz5x+lmcce1ewIyAk+xJyOIn+wGenYsnmd\n3tmyrunvEyVgmyXNrXo8u/LcARMlnSzpqUrMjpK0wsw+PdyFHB/541OaGBcAELpjZi3QMbMWHHz8\n8kuPN/R9opxCXCVpgZnNM7NOSVdJeuTAT7r7Tnef4e7HufuxGriIYwlXIQLh4L0whKhmwNy9LOlG\nSU9IWi1pubuvMbNlZvap4X6JRjmFCABAHCJ9kNndf+HuJ7j7Qnf/VuW529390WGO/RO2LyA8bGEI\nDXfiAAAEiYABOIgtDCEhYACAIBEwZAKfAQNQLwIGYBBOIyIUBAwAECQCBuAwbGEIAQEDAASJgAEY\nFlsYso6AAQCCRMAAjIgtDFlGwJA6PgMGoBEEDMCo2MKQVQQMABAkAgYACBIBA1ATpxGRRQQMABAk\nAgYgErYwZA0BAwAEiYABiIwtDFlCwALRs7tH2za/r57dPWmPEis+xAygUe1pD4Da3nr993p+xbNq\nK7Wpv9yvs5eeo/mLj0t7LBTUrddcoTt+9JO0xwDYwLKuZ3ePnl/xrMp9ZfXu61W5r6znVjybu00M\nAOpFwDJud/cutZUG/8/UVmrT7u5dKU0E8F4YsoFTiBk3fsoE9Zf7Bz3XX+7X+CkTUpoIkH6wcpWO\nWHDswcfvr3srxWlQVAQs47rGd+nspefouSHvgXWN70p7NOCg6phJBA2tQcACMH/xcTrquGO0u3uX\nxk+ZQLyQqh+sXFXzGLYztAIBC0TX+C7ChSCxnSEpBAyp4TNg4YmyfdVC0BAXAgYgkjjiNZyhQatG\n3DAaAgagpqTiVQvvpWE0BAxAEDj1iKEIGIBRpbV91cJ2BgIGxGDbB9u06Z2Nmn30HE2fOj3tcQqH\n7ayYCBjQpEce/3d97Zs3q6O9Q719vbrztm9ryUWfSXusWGR1+6qFoBUDAUMq8nIJ/bYPtulr37xZ\nPft61LNv4AbLt/zdV3XORz/GJpYhBC2fCBjQhE3vbFRHe8fBeElSe3uHNr2zMfiAhbp9RcH7Z/lA\nwIAmzD56jnr7egc919fXq9lHz0lpItSL7Sxc/HMqQBOmT52uO2/7trrGdGnC+InqGtOlO2/7NttX\nwI5YcOygH8guNjCgSUsu+ozO+ejHuAoxpzjdmF0EDIjB9KnTcxOuIm9ftXC6MVsIGAA0iKCli4AB\nOIjtqzkErbW4iAMAEsKFIMliA0PL5eVDzHnD9pUcNrNkEDAAaDGCFg8CBoDtK2Vcqt8YAgYAGcJ2\nFh0BAwqO7SvbCNrICBgABISgHULAgAJj+wpfkd8/I2BAQRGv/CnadkbA0FJ8BgxonbwHjYABBcT2\nVUx5O91IwACggPKwnREwoGDYvjCcEINGwAAAhwnhdCMBAwqE7QuNyGrMCFjA+s+6PO0RABRMlk41\n5jpg/AWfPbd98Ir+buqpaY9RSGxfSEKaQWt5wIgKAORXK0838i8yo+Vu++CVtEcoHLYvpOHAv0id\n1L9MTcCQCiIGFE/cQcv1e2AA2L6QXc1GjA0MqWELA9AMAgbkGNsX8oyAIVVsYQAaRcCAnGL7Qt4R\nMKSOLQxAIyIFzMwuMbM3zOxNM7tlmJ//ipmtNrNXzexJM5sT/6gAABxSM2Bm1ibpHkkXSzpZ0tVm\nduKQw16WdLq7nyLp/0j6X3EPinxjCwNQrygb2JmS1rr7enfvlbRc0tLqA9z91+7eU3n4nKRZ8Y6J\nIiBi8eH9LxRBlIDNkrSx6vEmjR6o6yT9vJmhAACoJdY7cZjZZyWdLumCkY55/YF/Ofj1jI8s1syP\nfCTOERA47lbfPLYvZN36da9rw+9+2/T3iRKwzZLmVj2eXXluEDP7hKRbJZ1fOdU4rMWf/a/1zggg\nIuKFEMxbsFjzFiw++Hjlkw829H2inEJcJWmBmc0zs05JV0l6pPoAMztV0r2SPu3u2xqaBKjgvTAA\nUdQMmLuXJd0o6QlJqyUtd/c1ZrbMzD5VOewuSeMlPWRmr5jZw4lNDGBYedi+9uzaoS0b1mrPrh1p\nj4IARHoPzN1/IemEIc/dXvX1n8Y8FwqO98KKZ/XLT+uxh+5RqdSucrlPl15+o0467fy0x0KGcScO\nZBanEqMLffvas2uHHnvoHvX17te+nj3q692vnz10D5sYRkXAkGlErLbQ4yVJ3dvfVak0+IRQqa1d\n3dvfTWkihICAAUjdlGkzVC73DXqu3N+nKdNmpDQRQkDAkHlsYSPLw/YlSeMmTNall9+o9o5OjRkz\nTu0dnbr08hs1bsLktEdDhsX6QWYAaNRJp52v+cf/obq3v6sp02YQL9TEBoYgsIUdLi/bV7VxEybr\nmLkLiRciIWAIBhEDUI2AAQHK4/YF1IuAIShsYQAOIGBAYNi+gAEEDMFhCwMgETAgKGxfwCEEDEFi\nCwNAwALS071D2/7fm+rp5ganRcT2BQzGnTgC8favntIL37tbbaV29Zf7dNaXb9K8Cy9Ie6xU8U+u\nAMXGBhaAnu4deuF7d6u8b7969+xRed9+Pf/d77GJqTinEtm+gMMRsADs3rpVbUP+qYm2Urt2b92a\n0kQAkD4CFoDxM2eqf8g/NdFf7tP4mTNTmihb8r6FsX0BwyNgAeiaMllnffkmlcZ0qmPcOJXGdOqs\nL9+krinc8DTviBcwMi7iCMS8Cy/QzFNO0e6tWzV+5kziNQQXdADFQ8AC0jVlMuEqELYvYHScQkRu\n5P29MACDETDkSl4ixvYF1EbAAABBImDIndC3MLYvIBoCBgAIEgFDLoW6hbF9AdFxGT1yY8vT/3vQ\n42sl/XDp99MZBkDiCBiCMjRStVy74ovBRIztC6gPAUOm1BuoKEKKGIDoCBhaLolI1ZL1iLF9AfUj\nYEhEGpGqJesRA1AfAoamZDFUo8lixNi+gMYQMIwqtEBFkcWIAagfAUMuI1VLViLG9gU0joAVRBEj\nVUtWIgagMQQsJwhUY9KMGNsX0BwCFhAilQw2MSBMBCxjiFQ6Wh0xti+geQQsJYQqe9jEgLAQsIQQ\nqDC1ImJsX0A8CFgTiFQ+JRkx4gXEh4DVQKQAIJsKHzACheEksYWxfQHxKkTAiBQawUUdQLblKmCE\nCnGLK2JsX0D8ggoYgUIa2MSAbMpcwIgUsqiZiLF9AclIJWBECiFiEwOypa3VvyHxQsiuXfFFXbvi\ni5GPZ/sCktPygAF5ECVixAtIFgEDGlTPJgYgfgQMaMJIEWP7ApJHwIAmsYkB6SBgQAyqI8b2BbQG\nAcuB/Xv2aeeWD7R/z760Ryk0NjGgtTL3QWbUZ+vqTXrzsVdkJZOXXcdfeqpmnjQ77bEK69oVX9Q5\n069JewygENjAArZ/zz69+dgr6u8rq7yvT/19Zb35s1fYxAAUAgELWE/3HlnJBj1nJVNP956UJgKA\n1iFgAeuaMk5e9kHPednVNWVcShNBkp7d9qO0RwAKgYAFrHPcGB1/6alqay+pNKZdbe0lHX/pqeoc\nNybt0QAgcVzEEbiZJ83W1PlHqqd7j7qmjCNeAAqDDSwHOseN0aRjphKvDOE0IpA8AgYACBIBAwAE\niYABCeE0IpAsAgYACBIBAwAEiYABCeI0IpCcSAEzs0vM7A0ze9PMbhnm5zvNbLmZrTWz/2tmc+Mf\ntbi617+X9ghB4nVrzPp1r6c9QrB47VqrZsDMrE3SPZIulnSypKvN7MQhh10nabu7L5T0XUl3xT1o\nkXVveD/tEYLE69aYDb/7bdojBIvXrrWibGBnSlrr7uvdvVfScklLhxyzVNI/Vb7+N0kfj29EIGyc\nRgSSESVgsyRtrHq8qfLcsMe4e1lSt5lNi2VCAACGYe4++gFml0m62N3/W+XxZyWd6e5fqjrm9cox\nWyqP11WO2T7ke43+mwEACsndrfZRg0W5me9mSdUXZcyuPFdtk6Q5kraYWUnSpKHxanRAAACGE+UU\n4ipJC8xsnpl1SrpK0iNDjvmppM9Xvr5c0i/jGxEAgMPV3MDcvWxmN0p6QgPBu9/d15jZMkmr3P1R\nSfdL+rGZrZW0TQORAwAgMTXfAwMAIIsSuRMHH3xuTITX7StmttrMXjWzJ81sThpzZk2t163quMvM\nrN/MTmvlfFkV5XUzsysqf+ZeN7MHWj1jFkX473SOmf3SzF6u/Lf6yTTmzBozu9/MtprZa6Mcc3el\nC6+a2Sk1v6m7x/pDA1FcJ2mepA5Jr0o6ccgx/13SP1S+vlLS8rjnCO1HxNftAkldla+/wOsW7XWr\nHDdB0q8lPSvptLTnTvtHxD9vCyS9pIGLsiTpiLTnTvtHxNftPkk3VL5eJOmttOfOwg9J50k6RdJr\nI/z8JyX9rPL1WZKeq/U9k9jA+OBzY2q+bu7+a3fvqTx8Tod/Hq+Iovx5k6RvSPqWpH2tHC7Dorxu\n10v6vrvvlCR359Ym0V63fkmTKl9P0eFXbReSu6+U9MEohyyV9M+VY5+XNNnMZo72PZMIGB98bkyU\n163adZJ+nuhEYaj5upnZqZJmuzuv1yFR/rwdL+kEM1tpZs+a2cUtmy67orxuyyR9zsw2SnpU0v9o\n0WyhG/rablaN/5Me5XNgrcDnw+pQ+TD56Ro4pYhRmJlJ+o4OfcxD4s9bVO0aOI14vgY+C/q0mf3B\ngY0MI7pa0g/d/e/N7GxJD2jgPrKIWRIbWD0ffNZoH3wumCivm8zsE5JulbSkcgqj6Gq9bhM18JfH\nU2b2lqSzJa3gQo7I/50+4u797v62pDclLWzNeJkV5XW7TtJPJMndn5PUZWZHtGa8oG1WpQsVw/4d\nWC2JgPHB58bUfN0qp8LulfRpd9+WwoxZNOrr5u473X2Gux/n7sdq4L3DJe7+ckrzZkWU/04flvTH\nklT5C3ihpN+3dMrsifK6rZf0CUkys0WSxvD+4UGmkc+APCLpLySpsrl2u/vW0b5Z7KcQnQ8+NyTi\n63aXpPGSHqqcGlvv7p9Jb+r0RXzdBv0ScQox0uvm7o+b2UVmtlpSn6Sb3X20N+FzL+Kft5sl/cDM\nvqKBCzo+P/J3LA4z+1dJF0qabmYbJN0uqVOSu/s/uvtjZvZnlXvp7pZ0bc3vWblkEQCAoCTyQWYA\nAJJGwAAAQSJgAIAgETAAQJAIGAAgSAQMABAkAgYACNL/B8aXWbXpIbKtAAAAAElFTkSuQmCC\n",
       "text": [
        "<matplotlib.figure.Figure at 0x7f48f7650950>"
       ]
      }
     ],
     "prompt_number": 23
    },
    {
     "cell_type": "markdown",
     "metadata": {},
     "source": [
      "This is a Voronoi diagram\n",
      "\n",
      "https://en.wikipedia.org/wiki/Voronoi_diagram"
     ]
    }
   ],
   "metadata": {}
  }
 ]
}